我免费围观了@孔庆东的回答，问题价值388.00元，快来一起围观~O微博问答,04/01
我正在看【英国记者实拍入境中国经历：他们非常认真对待，好像进入了另一个世界】，分享给你，一起看吧！#中国抗疫物资出口收紧##特朗普被美媒记者灵魂质问#英国记者实拍入境中国经历：他们非常认真对待，好像进入了另一个世界O网页链接,04/01
沙特坚称只有包括美国在内的全球所有主要生产国都同意减产，才会终止价格。特朗普在华盛顿周二晚间表示，美国将与沙特阿拉伯和俄罗斯举行会议，以制止油价历史性下跌。,04/01
因为疫情，真是很讨厌特朗普，也因此很讨厌美国，我不知道这两者之间有没有区别。,04/01
【#特朗普承认新冠肺炎比流感更严重#：未来两周会很痛苦】根据最新数据统计，美国新冠肺炎确诊病例累计破18.7万例。美国总统特朗普31日表示，美国正在经受前所未有的考验，疫情高峰将至，接下来将是非常痛苦、艰难的两周。同时，特朗普还承认新冠病毒比季节性流感更严重。随着疫情的蔓延，特朗普政府会不会调整升级防控措施？（CCTV4）LCCTV4的微博视频,04/01
想知道美国这次如何度过难关#特朗普称赞中国疫情防控成果#,04/01
我免费围观了@孔庆东的回答，问题价值388.00元，快来一起围观~O微博问答,04/01
TY站出来Diss了川普！《特朗普Freestyle》有一说一天佑还是很顶的#ty##川普##cdc#LSupamega厂牌的微博视频,04/01
特朗普可能来姨妈了每天都在生理期,04/01
《特朗普失望，美国病毒研究所终于瞒不住了，全球零号病人现身__搜狐网》上搜狐，知天下。O网页链接,04/01
邀请码【9786016】，美国总统特朗普3月31日在白宫发布会上表示，美国正在经受前所...O网页链接,04/01
《特朗普欲哭无泪，病毒来源终于确定，我们清白了__搜狐网》上搜狐，知天下。O网页链接,04/01
是能力问题搜狐新闻:【美国死亡病例或达10万到24万人？–美国顶级智库：美国应对疫情不如中国，根本不是体制的错，特朗普最关键一环失败了】O网页链接（分享自@搜狐新闻客户端）O网页链接,04/01
【#美国传染病专家头像被印在蛋糕上销量大增#民众：他是希望之光】近日，据CNN报道，美国传染病专家安东尼·福奇（AnthonyFauci）头像被印在蛋糕、蜡烛、袜子上，销量大增。他让人们及时了解疫情信息，因此拥有大量粉丝，不少民众称他是“希望之光”。此前，福奇曾对特朗普有关疫情的某些表态无法认同。L时间视频的微博视频@时间视频,04/01
【#俄媒披露援助美国细节#：普京主动询问是否需要帮助特朗普说“是”】据今日俄罗斯报道，俄总统发言人3月31日对外透露俄罗斯援助美国细节。30日特朗普与普京通电话，普京主动询问美国是否需要帮助，特朗普随后予以肯定回答。此前普京与特朗普进行过一次电话长谈，谈论应对新冠病毒事宜，后特朗普在白宫表示俄罗斯送来一飞机物品，包括非常棒的医疗设备。L时间视频的微博视频,04/01
《渲染世卫组织“偏袒中国”，美参议员叫嚣要调查》斯科特声称，并指责世卫组织“故意传播错误信息”。上月底，美国总统特朗普声称，世卫组织一直偏袒中国。O网页链接,04/02
本周，美股将至少迎来一至两次熔断，无限QE毫无意义，特朗普命悬一线。市场关注的已经不是美方演员特朗普的表演，而是斜着眼盯着中方动态。介于第一代领导人传承至今的“不称霸”的战略，中方并不会主动引爆对手，这一策略背后，是为了防止西方资本故露破绽、吸引中国提前拿台湾、过早突破第一岛链，迫使美国与中国对撞，在此对撞期间，西方资本将复杂转进欧洲，如同二战之实质，是资本抛弃欧洲壳、复杂转进美国一般。,04/02
《特朗普表情凝重：接下来会非常非常痛苦》美国“真实数字”：采取防疫措施情况下，死亡人数或达24万…（分享自@凯迪网络）点击链接查看详情分享链接O网页链接,04/02
看特朗普推特下面骂他的话和表情包真是太有趣了,04/02
我围观了@孔庆东的回答，围观仅1元，快来一起围观~O微博问答,04/02
《忍耐已达极限！美11万民众集体声讨，要求将特朗普送入外太空》忍耐已达极限！美11万民众集体声讨，要求将特朗普送入外太空O网页链接我就是从外太空来的。见过霍金，它是上帝的酿酒师。上帝酒窖的酒，可不怎么样。不叫天使的眼泪。好像——鳄鱼的口水。,04/02
市场消息：美国总统特朗普表示国会必须通过给企业的税收抵扣优惠。微博财经7X24小时频道,04/02
#伦敦市民发明社交距离健身法#：家门口排排站，举扫帚的举扫帚，举罐头的举罐头(世面)L世面的秒拍视频#全球抗疫第一线##特朗普称早知道新冠肺炎是大流行病##钟南山表示无症状感染者不会引起大暴发#,04/02
特朗普失望，美国病毒研究所终于瞒不住了，全球零号病人现身O特朗普失望，美国病毒研究所终于瞒不住了，全球零号病人现身（分享自@狐说小剧场）,04/02
《特朗普盛赞俄罗斯送美国一大飞机物资，俄政府疑惑：我们没送啊？》特朗普盛赞俄罗斯送美国一大飞机物资，俄政府疑惑：我们没送啊？O网页链接@黄毛秋莎#美国疫情##全球疫情#,04/02
在疫情爆发和美国优先主义这两种因素叠加下，特朗普的支持率又开始下降了，现在美国民众只在乎怎么控制疫情，守护自己的生命，根本无心上班。大多数美国民众认为疫情已经严重影响到日常生活，而且最坏情况仍未出现，显示目前防疫政策仍有不足和缺口。未来随着疫情扩大，对股市、债市及汇市的震荡会加剧，对经济影响也会持续加深，进一步侵蚀特朗普的支持度。如果特朗普依然我行我素，不顾民众死活，大谈经济和选票的话，那么他的支持率还会继续下降，如果这时候其他政治对手乘机出手，特朗普又未能成功转移危机的话，那么他有可能无法实现连任了。,04/02
#投资笔记#20200401【观察1】穆迪周一将美国6.6万亿美金非金融企业债务评级由“稳定”将至“负面”。高盛证券预测处于投资级边缘约7650亿美元公司债可能将至垃圾级。【观察2】3月15美联储降息到0%，购7000亿美元资产，道琼在21285，2天被跌破；3月23宣布无限QE，道琼从18213（本次波段最低点）向上发展；3月27特朗普推2万亿美金纾困案，道琼在21469点。【推论】3次大强心针其中还包含了一支无限QE：道琼21469一旦失守，18213关卡失守是大概率事件，将进入第二次主跌段。刚刚，美国4月1日道琼在20982.49点20200402中国时间0:47。,04/02
《疫情下美英首脑支持率反创新高，这就是“聚旗效应”？》欧美国家的新冠肺炎病例持续增加，疫情之下多国首脑的支持率上升。近日，美国总统特朗普和英国首相鲍里斯·约翰逊的支持率一度创下任期内的最高纪录，原因何在？O网页链接一切都刚刚开始。瓦解制度的摧枯拉朽。,04/02
《特朗普：收到中国的物资非常好！澳洲急了：联合美国索赔5088亿》疫情告急，美国境内20多个州进入紧急状态，但依然严重缺乏医疗用品和防护物资，无奈之下，美国低下高傲的头颅。O网页链接@黄毛秋莎#全球疫情#,04/02
我围观了@褚明宇的回答，该问题价值2198.00元，围观仅1元，快来一起围观~O微博问答,04/02
【新冠新观察】目测特朗普面对接踵而至的新冠狂放爆发他有两个办法，首先是继续甩锅给中国其次是把印度拉向前台。甩锅给中国让中国成出气筒可以减轻自身压力，还可以为下一步与中国冲突制造理由。把印度也弄到媒体中心是因为“比惨需要”，人在看到不如自己的总有一种满足的窃喜。,04/03
超20万人被感染，如果特朗普也中招，美国会天下大乱吗？L一切随缘丑哥的微博视频,04/03
美国国家经济顾问库德洛：特朗普认为沙特和俄罗斯已经结束了石油争端。,04/03
突然有一点同情特朗普，一个耄耋老人，全世界的压力现在都落在了他的肩上，性格还是年龄还是政治手腕我不知道他可不可以能不能够熬过这一关。但这是他的职责，请加油！我不会趁机说风凉话，出于同一个世界同一个物种的同情心…我真心希望他能工作顺利，待人友好，身体健康。,04/03
我免费围观了@邱永峥-大象智库月满西楼的回答，问题价值10.00元，快来一起免费围观~O微博问答,04/03
特朗普把应对疫情反应迟缓归咎于弹劾，佩洛西回怼：这太可悲了……#记录世界记录你#L经济日报的快手视频,04/03
一只马克笔Day21感觉特朗普老是被反对,04/03
特朗普高兴的消息来了“震中”将转，新冠病毒真正完全只能靠自愈外加暴乱别无他法的国家？ 在这次疫情里，欧美已经沦陷了，靠着相互截胡医疗物资，丑化他国，放弃抵抗与疫情周旋。 欧美各国毕竟多年的带血积累，可是我们邻居有13亿人口的印度，同样人口大口，爆发疫情靠什么抵抗？ 倾法西斯总理莫迪对信息流通干扰，缺失的教育、保健、卫生观念，宗教聚会精神治疗，这些靠得住吗？ 印度最大贫民窟塔拉维，首报新冠肺炎患者。“王炸”已经炸了，美国新冠“震中”立马就要拱手让贤了，特朗普“美国疫情脱口秀”将翻开新的篇章。 中国靠着上下一心自救战疫，帝国主义用消极抵抗，印度似乎只剩赤裸投降。 印度这个国家的，富人还能跑路，如泰国国王一样。可是，疫情过了，穷人都“走”了，权贵回来还有什么可剥削的呢？#微博##我要上热门##情感#,04/03
美国病毒研究所终于瞒不住了，全球零号病人现身，特朗普失望了O网页链接,04/03
美国特朗普，请你仔细听听，美国市民的心声！#全球疫情#L爱国这件事的微博视频,04/03
奉劝特朗普口罩！隔离！不然就会一直增！#美国新冠肺炎确诊病例超过18万#死亡病例超中国据约翰·美权威网站最新数据，截至北京时间4月1日上午，美国新冠肺炎累计确诊184183例，累计死亡3721例。24小时确诊病例增长了约24163例，死亡病例增长约448例。单日新增病例数再度创下新高#关注新冠肺炎#L五彩池妞妞的微博视频,04/03
#2020光见证历史了#疫情，武汉人民水生火热，除夕夜海陆空到达武汉，各省医护工作者奔赴湖北，各地捐款捐物，全民居家隔离两个月，比暑假还长的寒假，老师被迫成为主播，全民戴口罩，科比去世，全球经济停摆，特朗普每天热搜表演在线打脸，公知恨国党接连暴露，媒体失声，方方日记毒害青少年，227网暴，各家媒体失职失信（人民日报，三联周刊，凤凰网）中国给八国联军上课高考延迟一个月奥运会延迟一年蛋黄的长裙，蓬松的头发未完待续。。。。。,04/03
评：特朗普永远有理！→《1分钟视频！带你看特朗普一个月的变脸实录，越看越真实！》O1分钟视频！带你看特朗普一个月的变脸实录，越看越真实！来自@网易新闻客户端#网易新闻#,04/03
《美国慌了！几乎一半药品原料需要从华进口，蓬佩奥：已求助北京》从如今美国的形势来看，美国如今最扶不上墙的两个人，非特朗普和蓬佩奥莫属，由于这两人的愚蠢做法，才导致美国的疫情，一发不可收拾。O网页链接,04/03
按照特朗普的说法，接下来两周，才是最艰苦的时候，如果最终死亡人数😽低于10万，那就是一个不错的结果。#跟新浪看热点#O形势正在发生重大变化！,04/03
《美国的“骄傲”这次全没了：对外支援掉头返回，总统感谢中俄相助》眼下，美国物资储备已几乎耗尽，使得特朗普政府不得不向中俄求助。而中国和俄罗斯也是不计前嫌，第一时间筹集大批物资为美国送去希望，对此特朗普表示感谢万分。O网页链接,04/04
华为轮值董事长：华为让美国在5G时代失去一大“窃听利器”，特朗普太丢人O华为轮值董事长：华为让美国在5G时代失去一大“窃听利器”，特朗普太丢人,04/04
#特朗普集团已在加美两国裁员1000多人#倒闭，什么时候可以实现？祝成功！,04/04
#美国疫情#伊万卡：🇺🇸🇺🇸🇺🇸。特朗普：我完全同意！普普是不是甩锅大王?,04/04
特朗普禁止3M口罩出口，特鲁多警告将报复O特朗普禁止3M口罩出口，特鲁多警告将报复,04/04
美利坚，做为新世纪最大的流氓国家，美驻中国大使馆还好大言不惭的庆祝国旗日。今天是我们中国的全国哀悼日，这有挑衅摩擦之嫌疑。查查美国是怎么立国的，一群英国的流氓劳改犯到了美洲，对当地土著居民灭绝人性的烧杀抢掠。你们傲慢无礼，偏见与歧视他人，也是可以理解的，毕竟你们的立国之人就不是多么高尚，不是多么的有胸怀，不是多么的有文化底蕴，也算是对你们开国“先贤”的一脉相承，可以告慰他们的在天之灵了。可是他们能入天么？真的在天么？对此持怀疑态度。美国病毒，或者叫特朗普病毒，真的起源中国么？武汉军运会贵国的那几个大兵哪去了？到底什么情况？美国病毒H1N1解释一下！美国病毒艾滋病解释一下！贵国，在本世纪做了什么好事情，劳烦推广一下！反省一下，是不是应对了最上边面第一句。贵国之所作所为，在我辈中华人民看来不过是井底之蛙而已，蚍蜉之辈。,04/04
我在看：【特朗普女婿上白宫简报会，被一上将批：他根本不知自己在说些什么】#跟新浪看热点#O特朗普女婿上白宫简报会，被一上将批：他根本不知自己在说些什么,04/04
#特朗普解雇美国国家情报督察长#美国总统真厉害，能解雇的人真多🙈,04/04
【寰宇全视界丨2020.04.04周末版上下集】上集：美俄熱線商議護油!普丁暗打公關算盤?油戰噩夢擾特朗普!沙特國王牌藏袖口?聯準會扶不起美股!避險首選中國國債?链接：O网页链接提取码：79rh下集：新冠攻進美國航母!美軍區域戰力潰散?新冠債券乏人問津!歐盟內部分歧加劇?疫情當前個人靠邊?防疫助威政府擴權?链接：O网页链接提取码：b838主持：岑永康来宾：雷倩郭正亮赖岳谦,04/04
美国疾控中心建议民众戴口罩防疫特朗普：我不会这么做O美国疾控中心建议民众戴口罩防疫特朗普：我不会这么做,04/04
热点|全球确诊超90万！特朗普再次接受检测，钟南山担心这件事…O热点|全球确诊超90万！特朗普再次接受检测，钟南山担心这件事…,04/04
PK特朗普粉丝疯狂打脸笑点密集.Lv64006308的微博视频,04/04
美国总统特朗普就是个大沙雕,04/04
我感觉特朗普会吧美国毁掉,04/04
#特朗普解雇美国国家情报督察长#【纽约州长：我堂堂美国竟生产不出防护用品！】3日，纽约州长向公众展示了目前紧缺的医用防护用品，并呼吁制造商转产。他拿起一个N95口罩说：“这太难以置信了，这口罩一点也不复杂，我们竟然还要从中国进口，这不该是我们国家、我们州的公司生产不出来的东西啊！”L微丢的微博视频,04/04
我在看：【证据来了，“美国流感”就是新冠病毒，特朗普这次赖不掉了】#跟新浪看热点#O证据来了，“美国流感”就是新冠病毒，特朗普这次赖不掉了,04/05
加拿大总理特鲁多警告美国：不要截加拿大医疗物资。美国阻止3M向加拿大派送口罩是错误的。3M周五表示，特朗普政府已要求3M停止将其目前在美国生产的口罩出口到加拿大和拉丁美洲。特鲁多表示自己一直在努力向特朗普政府表明，美加经济之间的一体化水平是双向的。尽管加拿大确实从美国获得了必要的用品，如口罩，但美国也每天都从加拿大获得必要的用品和产品，甚至还有医务人员。特鲁多表示，相信美加之间的紧密和深厚的关系将保持牢，不必看到任何方向供应链的中断。截至目前，加拿大共有12344例新冠肺炎确诊病例，179死亡，2163治愈。,04/05
今年第一弹转发杨超越和特朗普希望下周原油先跌后涨人生开挂！发发发！,04/05
#特朗普称美国体育赛事将尽快恢复#疫情都没搞好搞个屁的体育赛事，老普有空多操点心疫情吧！你现在连疫情哎，其它的是搞一样糊一样,04/05
跟特朗普他妈不熟，不好意思,04/05
#特朗普回应美国截和德国口罩#这个难道就是孔乙己的窃书不为偷的翻版？？？,04/05
全球己百万，真相实际数倍，曾经的4月拐点论者，多么苍白！还有啥说法没？大危机周期就这样，落地没有最恐惧，只有想不到！别做独立美梦了💊#腾讯新闻#美国确诊30万＋！特朗普集团也撑不住了，还有一个惊人发现被曝光……O美国确诊30万＋！特朗普集团也撑不住了，还有一个惊人发现被曝光……来自@腾讯新闻,04/05
例行睡前看乐子，感觉在美国干脱口秀挺容易的，大统领那么多槽点，随便喷一喷都能段子不断。#特朗普变形记#,04/05
抢口罩大战！美国成“现代海盗”？特朗普回应更狠O抢口罩大战！美国成“现代海盗”？特朗普回应更狠,04/05
#特朗普回应美国截和德国口罩#道德和法律是拿来禁锢普通人思想，约束普通人行为的工具，政客都是超越道德和法律的人。窃钩者诛窃国者侯，这句话很应景。,04/05
#特朗普回应美国截和德国口罩#哎，这不是预料之中的事吗，为了自己，别人死活可管不了,04/05
#特朗普回应美国截和德国口罩#不愧是你朗普,04/05
微表情分析【特朗普】是否撒谎！（第二期）#哔哩哔哩动画#O微表情分析【特朗普】是否撒谎！（第二期）,04/05
我在看：【证据来了，“美国流感”就是新冠病毒，特朗普这次赖不掉了】#跟新浪看热点#O证据来了，“美国流感”就是新冠病毒，特朗普这次赖不掉了,04/05
#特朗普称美国体育赛事将尽快恢复#朗普别装逼了,04/05
网友传来:美国特朗普在推特夸张话自己刚刚在仓库发现3900万个N95口罩，仲有好多呼吸机！O网页链接,04/06
总统这么怕死，美国公民就不怕死吗？谁去保护他们?#QQ看点#白宫多了一条规定：任何接近特朗普和彭斯的人都要接受检测O与我相关,04/06
"【美股狂拉1000点，特朗普又发话！连华尔街大空头都开始""乐观""了】没有悬念，美股大幅高开，其中，道指狂拉超1000点，截至记者发稿，道指大涨4.8%。O美股狂拉1000点，特朗普又发话！连华尔街大空头都开始""乐观""了",04/06
#广州三元里#为什么国内目前的氛围也很奇怪？！特朗普为了选票制造种族矛盾，那国内这一系列矛盾又是怎么回事？坚决支持遣返三非外籍，但种族歧视就有点过分了吧,04/06
【#特朗普再提用抗疟疾药物治新冠#，已购买2600万剂】4月5日，在记者会上特朗普继续强调抗疟疾药物羟氯喹对新冠肺炎的治疗效用，引发争议。专家表示，该药物具体效用还未经证实，有媒体批评称，特朗普在没有引用相关证据的情况下强调该药物疗效的做法是“不负责任”的行为。L时差视频的微博视频,04/06
美国总统特朗普在社交平台称，和沙特王储、普京进行了通话，预计沙特和俄罗斯将减产1000万桶。对于特朗普的发话，另外两大主角，沙特和俄罗斯先后作出了回应，然而与特朗普“乐观的喊话”不同，沙俄的回应却“含糊”多了。普京发言人德米特里·佩斯科夫表示，俄罗斯总统并未与沙特王储谈过话。,04/06
特朗普：美国现在需要N95口罩，如果某些人不给我们需要的东西，我们就会很强硬。@今日俄罗斯RTL今日俄罗斯RT的微博视频,04/06
#有看有收获##加拿大省长怒批美国#【特朗普阻止向加拿大出口口罩，又一加拿大省长怒批：想想9·11，危难时你不能停止做人！】“说我对美国总统特朗普最近的行为感到愤怒，这是一种保守的说法。”当地时间5日，加拿大又一名省长对美国阻止国内企业向加拿大出口口罩一事表示愤怒，这位纽芬兰省省长还借此提到，人类的一大教训是，在危机时刻你不能停止做人。#加拿大一省长怒批特朗普##美国禁止n95口罩出口加拿大##加拿大#L环视频的微博视频,04/06
特朗普：美国现在需要N95口罩，如果某些人不给我们需要的东西，我们就会很强硬。@今日俄罗斯RTL今日俄罗斯RT的微博视频,04/06
#加拿大省长怒批美国#【特朗普阻止向加拿大出口口罩，又一加拿大省长怒批：想想9·11，危难时你不能停止做人！】“说我对美国总统特朗普最近的行为感到愤怒，这是一种保守的说法。”当地时间5日，加拿大又一名省长对美国阻止国内企业向加拿大出口口罩一事表示愤怒，这位纽芬兰省省长还借此提到，人类的一大教训是，在危机时刻你不能停止做人。O特朗普阻止向加拿大出口口罩，又一加拿大省长怒批：想想9·11，危难时你不能停止做人！L环视频的微博视频,04/06
#凤凰新闻#分享凤凰新闻：3M称特朗普批评大错特错，不会停止向加拿大和拉美出口口罩O3M称特朗普批评大错特错，不会停止向加拿大和拉美出口口罩来自@凤凰新闻客户端O网页链接O3M称特朗普批评大错特错，不会停止向加拿大和拉美出口口罩,04/06
特朗普：美国现在需要N95口罩，如果某些人不给我们需要的东西，我们就会很强硬。@今日俄罗斯RTL今日俄罗斯RT的微博视频,04/06
收到中国百万口罩，美国州长哽咽了，之前300万口罩被特朗普截胡此视频已有296万次播放，快来一起看看！O网页链接,04/06
#点激查看#【被问为何不戴口罩，福奇再现超强求生欲】5日白宫疫情简报会上，美国传染病专家福奇被记者问“你为什么不戴口罩?”福奇解释称戴口罩的主要原因，是为了不将病毒传染给他人，而他昨天做了新冠病毒检测，结果呈阴性。对于这个回答，特朗普听后连连称赞“这是一个我非常喜欢的答案，尤其是在口罩问题上”。#川普干嘛##川普吹水日记#L微丢的微博视频,04/06
我围观了@褚明宇的回答，该问题价值2198.00元，围观仅1元，快来一起围观~O微博问答,04/06
『美国著名主持人：美国处于战争状态，特朗普是我们需要的领导人』O网页链接,04/07
特朗普的美国优先，为了口罩，把隔壁的加拿大弄急了O美国截胡N95口罩，加拿大省长怒了：做个人吧,04/07
对新冠患者副作用太大，特朗普推荐的药物氯喹被瑞典医院叫停O对新冠患者副作用太大，特朗普推荐的药物氯喹被瑞典医院叫停,04/07
我围观了@王福重的回答，该问题价值200.00元，围观仅1元，快来一起围观~O微博问答,04/07
遭记者逼问新冠药物特朗普发飙：一个问题问15遍：L遭记者逼问新冠药物特朗普发飙：一个问题问15遍！,04/07
【疫情下美国财政货币政策有多大成效？专家：政策不是“疫苗”......】当地时间3月27日，美国总统特朗普签署了国会表决通过的2.2...O疫情下美国财政货币政策有多大成效？专家：政策不是“疫苗”......@新浪财经债收益率飙升导致多国抛售国债,04/07
#特朗普宣布与3m公司和解#3M与特朗普和解，美国生产的继续出口加拿大和拉美国家，中国工厂生产的1.6亿只口罩陆续在三个月内供应美国。LroseRogers的微博视频,04/07
#全球疫情##美国疫情#【#特朗普当众撂狠话威胁印度#：若印度不解除羟氯喹出口管控就不客气了】据外媒报道，美国总统特朗普周一在白宫举行的新闻发布会上表示，如果印度因为新冠病毒疫情而禁止向美国供应药品，华盛顿可能会对印度采取回应措施。#共同战疫##关注新冠肺炎##全球疫情动态#L环视频的微博视频,04/07
【EMBA】美国健康事件的恶化正在逐渐打破特朗普的心态！一个月前，特朗普对此不屑一顾，他担心的是美联储结果出来了！特朗普态度发生180度大转变O网页链接,04/07
肯尼迪总统就职演讲，肯尼迪是美国历史上最年轻的总统，他的当选代表了二战后的年轻主张，肯尼迪的就职演讲被认为是美国总统就职演讲中最为精彩的篇章之一，其语言简明、结构巧妙，内容也反映了当时的政治、文化、社会的背景。#美国确诊病例超过36万##特朗普变形记#L励志烟火的微博视频,04/07
我真他妈服了，借机赖账，您联合国会费还没交齐呢，每天都有新花样儿#特朗普称来自中国物资非常好#,04/07
#特朗普与3M公司和解#川普的戏真多戏精本精,04/07
人间悲剧，泪目，愿疫情早日过去！#意大利疫情重灾区整整一代老年人病逝##全球新冠肺炎发病数超百万##美国确诊病例超过36万##特朗普称早知道新冠肺炎是大流行病##英国首相病情恶化转入ICU##起底外媒的伪善和双标#L快乐微博维克多的微博视频,04/07
恭喜我女朋友找到了梦中情人：特朗普爷爷。以后就是特朗普内蒙分普大妈了。祝幸福吧,04/07
你们踢特朗普的心情我可以理解，为什么不能带上口罩先？？L口味十分重的微博视频,04/07
2020年，特朗普74岁，拜登78岁。1982年，安德罗波夫68岁，契尔年科71岁。,04/08
【刷宝短视频】特朗普当众威胁印度：不给药，就等着报复吧O网页链接,04/08
我自己还加了一些，丰富一下老特的形象//@梧桐囼灣再改名:美国末代总统——特朗普之著作：《我坑美国的后半生》《退群之路》《我和普京的爱》《如何鉴别假新闻》《与记者对喷回忆录》《甩锅的艺术》《美国无间道》《走向共和》《苍天已死，红星当立》《我的推特治国路》《我的医疗天赋》《狠怼羞耻记者回忆录》《截获口罩的艺术》《如何给0分表现的自己打满分》《用耍流氓的手段对付对手的成功法则--我的竞选之路和中国战法》。。。,04/08
英法德联合出手，试图挽救伊核协议，英国首相背后表态力挺特朗普#英国首相病情恶化转入ICU#O网页链接,04/08
乱了，乱了！抢物资了！《多个州医院抱怨：联邦抢我们物资，连声都不吱》尽管美国总统特朗普指示，各州和医院要尽量获得医疗物资并确保供应，但联邦政府被指却一声不吭地“截走”一些订单。O网页链接,04/08
捡了一只“特朗普”,04/08
我在看：【特朗普威胁暂停向世卫提供资金：他们早就该作出判断】#跟新浪看热点#O特朗普威胁暂停向世卫提供资金：他们早就该作出判断,04/08
特大爷其人我相信大智若愚我相信大疯若智特大爷从一个没有任何背景的商人成为世界第一国的领军人物。有能耐。上台：长袖善舞，和希婶儿的较量中，故意装傻卖萌，让你误以为他没有能力，但是事实胜于雄辩。希婶儿现在都输得糊里糊涂。执政：朝三暮四，常态化，谁规定领导人这一秒说行，下一秒就不能说不行。希婶儿是典型的政客，好歹有些政治操守，这些在特大爷这统统不存在。底线、脸面，那都是啥玩意儿，算钱不？这一秒骂街下一秒叫爹，典型表现，好听点：大丈夫能屈能伸。形象：网红鼻祖，你看什么法令发条，要想知道，关注我的账号，平易近人，没有界限，说对了更好，说错了我这是私人账号，打造网红形象，即使不当总统，也不怕，这相当于给自己的企业免费开了个广告公司啊。连任：先过了今天再说，虽然也谋求，但是如果说特大爷是得过且过，做一天和尚撞一天钟，你还别不信，至于美国啥样，美国人啥样，也不太是他操心的范围，但是他得说他是为这两项好的，否则没有人投他票，至于以后继任者如何，美国走向何方，于他何干，反正他是旱涝保收，可攻可守。今朝有酒今朝醉，明日愁来明日愁。特大爷特像那种二杆子，愣头青，你觉得神烦，你还不能拿他怎么样，因为他会不管不顾，但是你不能。至于对付这种人只能是两2相遇，谁2谁胜。智慧都用这地方来了，特大爷这个点儿也不烦，这也许也是一种人生境界。#特朗普称早知道新冠肺炎是大流行病##特朗普称不会发布全国居家隔离令##特朗普称来自中国物资非常好#,04/08
这次美国民主党真的展现出了团结一心好多候选人都退出了选民都齐心协力选择最可能获胜的拜登看得出来他们真的受够了特朗普一群精英团结起来的力量真的不可估量我大胆猜测下一任美国总统是拜登,04/08
美国累计确诊超39万特朗普：预计拐点将至　　据美国约翰斯·霍普金斯大学发布的数据显示，截至北京时间4月8日7时11分，美国累计确诊396223例，累计死亡12722例。疫情最为严重的纽约州确诊138836例，已经超过意大利。,04/08
桑德斯刚刚宣布退选，特朗普就发了一条推特,04/08
疫情扩散超百万，特朗普的傲慢与偏见惹祸端。以人为本，中国严防死守控制住。西方人只为自由与经济，不知厉害住进Icu。同住地球村，已是命运共同体。面对病毒，谁都无法置身事外而独善其身！受其影响，外贸订单取消，刚复工又停产，员工生计遇危难！大家好才是真的好，做好自己，帮助别人也是帮自己。L祈福文博平安寅龙的微博视频,04/08
我正在看【白宫发言人把特朗普夸上天，女主播一脸无奈，直接掐麦结束节目】，分享给你，一起看吧！白宫发言人把特朗普夸上天，女主播一脸无奈，直接掐麦结束节目O网页链接,04/08
种族歧视就种族歧视呗，少拿国家大义恶心人了，你不会真以为你满嘴喷粪时候和特朗普说chinesevirus有什么区别吧,04/08
#桑德斯宣布退出美国总统大选#草，桑德斯最后还是服从建制派大局了。照理来说，疫情对左派是有利的。桑德斯如果真的要震动美国就应该组第三党。看来桑德斯还是为了短期斗争放弃了理想，毕竟比起socialis-m晚实现几十年，目前不让特朗普连任才是左派的核心利益。当然，相信建制派和信个鬼有什么区别？等拜登上了第一个收拾的就是你们民主党激进左派。每次都为了大局，左派会永远硬不起来的！科学养右，联右抗民主党建制派，激进左派才有翻身一天。,04/08
我在看：【被谭德塞批评的特朗普继续嘴硬，称世卫“向着中国”】#跟新浪看热点#O被谭德塞批评的特朗普继续嘴硬，称世卫“向着中国”,04/09
应该把特朗普判处终身监禁及死刑！#跟新浪看热点#O美媒社论：特朗普手上沾满鲜血，11月必须算账！,04/09
特朗普让美国公民回国！！！美国又43万+确诊病例！！！估计要用其他方式转移注意力！！！台湾从疫情之初，和现在的态度！！国家提醒在台在读的陆生，如果还自愿的话，也OK！！！你品你品你细品！！！蝴蝶效应！！！何况这次是大鹏展翅！！！这是要把这么多年没有发生的大事都发生一遍的节奏啊！！！2020年，注定载入史册，全球重新洗牌！！！看谁能在这次博弈中全身而退啊！！！从现在开始的每一天都可能是历史性的拐点！！！我们是历史的经历着也是见证者！！！来吧，预测一下，剩下的这9个月，还会发生什么大事件吧！！！拳头👊是时候碰一碰了！！！,04/09
特朗普呢，怎么不见了，估计是憋着大招呢，先看你们玩，后发制人吗,04/09
#特朗普称将停止对世卫组织的资助#L普普今天说啥了的微博视频,04/09
#宅家美食pk赛#久居中国的歪果仁宅家2月吃火锅解馋，一口东北话亮了：幸亏没回去#全球抗疫第一线##特朗普称早知道新冠肺炎是大流行病##美国新冠肺炎确诊超42万例#L星视频的微博视频,04/09
宽窄思语疫情当前，美国总统特朗普大放厥词的性格一点也没有收敛，反而愈演愈烈。#特朗普再谈美国疫情致死情况#8日，特朗普在记者会上说：如果我没做对选择，可能要死220万人……真的让人大跌眼镜，很难想象这样经常性发言前后矛盾、出尔反尔的人是一国领袖，更奇葩的是他的支持率还再创新高，谜一样的国度！#香思风雨中#,04/09
特朗普算个球吧O为什么说特朗普是美国史上最危险的总统？在民主党眼里，特朗普真的“不行”吗？,04/09
"我在看：【特朗普威胁“停缴会费”,美参议院外交关系委员会也在“憋坏”:鼓动对世卫进行独立调查】#跟新浪看热点#O特朗普威胁“停缴会费”,美参议院外交关系委员会也在“憋坏”:鼓动对世卫进行独立调查",04/09
#特朗普证实收到中俄援助物资##特朗普称来自中国物资非常好#人生如棋局局新…普先生亲自夸口说他是第一个挑战中国贸易的总统…他现在又说中国的物资非常好…也许是想用赞美的方式让中国多点耗费…象棋对战输赢不取决于谁剩下的子多…疫情面前中国保卒过河…而美国是弃兵部阵…？O如何看待特朗普称来自中国的物资非常好?,04/09
白宫记者招待会上，总统特朗普问一位亚裔面孔的记者是哪的？记者回答说：台湾的！经查实这位华裔记者是上海卫视的张经义。,04/09
#热点#热门#套路那么深#善良的我们相信并以为这就是主流的正义之声，但所谓的“主流”其实是话语权在谁之手？公知及精英的“主流”判断与认识是以西方舆论为“主流”的，第三世界没有话语权，所以不入流！//《谭德塞喊话特朗普:别政治化病毒除非想要更多尸袋》O谭德塞喊话特朗普:别政治化病毒除非想要更多尸袋,04/09
【美国确诊人数破40万！特朗普成为批斗对象，奥巴马终于表态了！_【快资讯】O网页链接,04/09
美确诊人数飙升！特朗普摊牌了：损失可能超世界大战O网页链接,04/09
不涨不合适吧特朗普#原油#,04/09
桑德斯是一位民主社会主义者，也是美国历史上第一名信奉社会主义的参议员，亦是近年少数成功进入联邦公职的社会主义者，但他并不属任何政党，故以独立人士身份出现在选票上。当然，对中国来说，桑德斯退选特别是早早退选，是件好事。特朗普和拜登均比较实际，为了利益可以反华，有好处也会暂时收起刀枪。桑德斯则更注重意识形态，从贸易到人权到香港等所有问题都对中国抱有明确敌意。O中央党校副教授：对中国来说，桑德斯早早退选是件好事,04/10
我在看：【当1680万美国人丢了工作……特朗普：我再拿2.3万亿美元来救】#跟新浪看热点#O当1680万美国人丢了工作……特朗普：我再拿2.3万亿美元来救,04/10
分享锤子阅读的一篇文章：千万别摊上特朗普这样的领导O网页链接（分享自@锤子阅读）,04/10
【墨西哥与OPEC+和特朗普达成了石油减产协议】北京下午的时间，新闻还在胡扯扯墨西哥断然拒绝OPEC+减产方案。这这里让你知道谁是老大，谁是世界的共同利益，还有哪个不服？！蚍蜉撼大树，简直是开国际玩笑！！在美国总统唐纳德.特朗普出手干预，打破了隔夜的僵局后，墨西哥与OPEC+达成了大幅削减石油产量的协议。墨西哥总统AndresManuelLopezObrador在周五上午举行的新闻发布会上表示，他与特朗普做了通话，已与OPEC+达成比周四减产40万桶/日的提议更可接受的减产协议。现在，焦点转向20国集团(G-20)能源部长会议。OPEC+希望在其周四商定的1，000万桶/日的初步减产协议基础上，G-20能做出每日500万桶的减产承诺。#原油##原油暴涨暴跌##国际原油#,04/10
#美方威胁吊销中国电信在美经营许可#感觉美国人最近有点拎不清。特朗普最近不知道咋回事，不在频道上。,04/10
#全球疫情#白宫：特朗普与俄罗斯总统普京通话。两位领导人讨论了应对新型冠状病毒大流行和维持全球能源市场稳定的最新努力，还讨论了重要的双边和全球问题。,04/10
特朗普又开始他又开始指责biden（民主党总统候选人）的选举资金和中国银行家有关还真是天下何人不通gong啊！纽约在一个岛上埋棺材的事情还是令美国人很愤怒的指责川普的声音更是增多了！说实话很多美国人都是清醒的他们认为没有说中国跟此次疫情无关但是是特朗普没有作为的70天才导致了很多人的死亡和失业特朗普明知疫情严重还给我们国家捐了18吨物资（事实上并没有）导致了现在医护人员的物资缺失（好笑🤭）他们用的是roll指责特朗普最最令人可恶的痛恨的就是台毒满那儿瞎蹦哒bb个没完没了恨的我牙根痒痒只能说一句台湾南波万！,04/10
我在看：【确诊病例超45万例，特朗普：你永远无法对失去亲人的人做任何事情】#跟新浪看热点#O确诊病例超45万例，特朗普：你永远无法对失去亲人的人做任何事情,04/10
我可以这么说，拜登能在美国16个州中赢得14州的支持，对特朗普权威会是极大的影响，极有可能撼动特朗普在后期政治选举中的地位，而正式由于拜登的威胁，特朗普政府一定会在大选之前做点什么大事，因为新冠肺炎应对不力，被多州州长抨击，尽管在灾难面前特朗普的支持率有所上升，但是这是有很大水分的，特朗普一定会在大选前发动战争，而战争的对象，极有可能就是委内瑞拉，因为这个柿子软，好捏，一旦打仗，特朗普支持率又会有所回升，正好应对来势汹汹的拜登，这不是胡言乱语，这是有前车之鉴的，因为之前总统弹劾的时候，特朗普就是靠击杀伊朗将军，来解决这次危机的。另外，拜登后期会拿出什么手段呢？一定是针对特朗普政府疫情应对不力打牌，如果老调重弹通俄门事件，效果更佳。,04/10
《确诊人数逼近50万！航母上一名水手突然病危，特朗普终于改口了》新冠肺炎大流行对“罗斯福”号航母上水手带来的影响已经成为美国一个争议中心，这场争议导致美国海军前代理部长托马斯·莫得利在7日辞职。O网页链接,04/10
《不满特朗普嘴不靠谱，奥巴马：说真话，说清楚些，带着同情心说》此视频已有2904次播放，快来一起看看！O网页链接,04/10
《桑德斯退出2020年美国大选拜登将决战特朗普》美国民主党参议员伯尼·桑德斯的竞选总部在4月8日宣布，决定暂停民主党总统竞选活动，这事实上等于退出竞选。O网页链接,04/10
#美国部分医院因收入骤降临时裁员#资本主义国家弊端暴露无遗私立医院这么干也是也是很牛逼了，当然特朗普更牛逼,04/10
祝大家今晚好梦明天好运，特朗普除外@耶耶1112,04/10
小学五年级的时候记得最清楚校长讲演:比学赶帮超。现如今要以谁作为标杆呢，特朗普？,04/10
今晚和母上大人视频在说到我不喜欢的话题之后我说你再继续我就挂了然后她说：你这个人现在好特朗普我？？？,04/11
美国这样错过抗疫最关键70天华邮万字长文调查特朗普为何输给病毒O美国这样错过抗疫最关键70天华邮万字长文调查特朗普为何输给病毒,04/11
【大沙娱乐】搞笑版的特朗普来袭！脑洞怎么这么大？搞笑版的特朗普来袭！脑洞怎么这么大？O网页链接,04/11
特朗普来中国注册一个快手，粉丝会比现在多，而且不用天天为甩锅绞尽脑汁！还不用跟记者对骂。来吧！,04/11
『美国这样错过抗疫最关键70天，华邮万字长文调查特朗普为何输给病毒』O美国这样错过抗疫最关键70天，华邮万字长文调查特朗普为何输给病毒,04/11
#说谎被打脸是种什么体验#特朗普很有发言权,04/11
五年前义乌老板根据应援旗数销量推测特朗普当选美国总统，而这次再次预测，特朗普的应援旗销量很差，恐怕就要结束总统生涯了。🤓股市,04/11
五年前义乌老板根据应援旗数销量推测特朗普当选美国总统，而这次再次预测，特朗普的应援旗销量很差，恐怕就要结束总统生涯了。🤓数字货币,04/11
五年前义乌老板根据应援旗数销量推测特朗普当选美国总统，而这次再次预测，特朗普的应援旗销量很差，恐怕就要结束总统生涯了。🤓金融,04/11
五年前义乌老板根据应援旗数销量推测特朗普当选美国总统，而这次再次预测，特朗普的应援旗销量很差，恐怕就要结束总统生涯了。🤓A股,04/11
【G20国家真的敲定了减产协议？特朗普罕见表态愿帮墨西哥减产】G20国家能源部长周五(4月10日)终于在线上会谈后敲定了全面削减原油产量的协议，从而帮助稳定油价，其中俄罗斯和沙特分担了最大份额的减产幅度，而美国则表现出不同寻常的帮助意愿。（FX168）,04/11
4月5日，尼日利亚医学协会谴责政府邀请中国医疗队，他们认为，这种做法是对当地医护人员的侮辱，严重打击了他们的士气。4月8日，尼日利亚反对党发表声明称，中国的医疗队来了以后，如果尼日利亚的感染率和死亡率上升，布哈里要负责任。9日，尼日利亚政府决定，不让中国医疗队接触病人，只让他们分享经验和提供建议。#太快解除限制或致疫情致命反弹##特朗普称死亡人数将低于10万##钟南山称群体免疫行不通#,04/11
目前美国累计疫情确诊人数已突破50万，死亡18693人。新冠肺炎疫情在全美多地、多点暴发，迅速蔓延。各州自顾不暇，各自为战，多州医疗和公共卫生系统超负荷运转，而联邦政府和州政府之间的矛盾也愈演愈烈，使防控愈加艰难。谄媚奉承（sycophancy）是特朗普时代美国政治生态和政治行为的一个核心重要特征，这对掌握选民心理走向颇有效果，但对救治生命却毫无意义。,04/11
【美国将驱逐外国公民，并对不想将其公民从美国带走的国家实施制裁】据《俄罗斯报》4月11日报道称，美国总统唐纳德·特朗普签署一份文件，允许华盛顿对那些不想将其公民从美国带走或拖延执行美国程序的国家实施签证制裁。在白宫的一份声明中说：“这些国家对美国人构成了不可接受的公共健康风险。”特朗普签署的这份文件强调：“美国能够遣返在（新冠病毒疫情）大流行期间违反美国法律的外国公民。”美国在累计确诊感染新冠病毒病例总量上仍然领跑全球，并且超过排名第二、第三和第四的总和。根据最新数据现实，美国累计确诊感染新冠病毒病例已超过50万，死亡人数为18777人，与目前暂居第一的意大利的差距不到100人。,04/11
【#特朗普又和CNN记者吵架了#老爷爷心想：“当总统真好玩儿，可以随时随地找人撕逼，在各种高档场合以各种姿势撕，撕完这家撕那家，撕不赢还可以让他goout，撕赢了哎嘛我针棒，疫情是个啥，你是总统我是总统，我说我们有我们就有，我们国家好不好全靠我的嘴，说了不要怕这区区新冠，我们有God，他会在你们看不到的地方保护你们，就像圣诞爷爷半夜把礼物塞进你袜子里一样，都别慌，按我说的做，现在大家闭上眼睛，低头默念，病毒看不见我病毒看不见我，好了，抬头，你们都是被上帝眷顾的幸运儿，你们可以出去肆无忌惮的撕逼吧，偶买噶，我真是一个迷人又可爱的总统”O无耻又无能，刚刚特朗普又挑起了战火#全球抗疫第一线#】L年糕瑶的微博视频,04/11
"""16000美国人死亡和1700万美国人失业都要中国来负责"",美参议员胡喷甩锅后,评论区翻车#特朗普称早知道新冠肺炎是大流行病##白宫要求官员集体甩锅给中国#O“16000美国人死亡和1700万美国人失业都要中国来负责”，美参议员胡喷后，评论区翻车！L环视频的秒拍视频",04/12
我有个疑问：最近特朗普不是发出了让美国人立即马上回国嘛，那。。。那些入了美籍的明星和公知们，回没回呀？,04/12
美国新冠肺炎确诊数破52万，美联储负债表总负债破6万亿。4月11日美国新增确诊新冠病例数超过3万，总确诊病例达到521042例，新冠肺炎总死亡数超过2万，这三项数据均为全球第一，在特朗普签署怀俄明州进入重大灾难状态后，美国50个州历史首次全部进入重大灾难状态。创出全球第一的还有美联储总负债突破6万亿。不管是美国官方，还是华盛顿大学IHME模型都预测4月16号前后几天，美国将迎来新冠疫情高峰拐点，而美联储减少资产购买计划也验证了这种预测，从联储公布的计划来看，从4月13日开始联储将缩小资产购买计划，以控制增长过快的负债总额，购买规模将从目前每天500亿美元下降到300亿，两者都指向美国确诊高峰拐点真的要来了。而从全球多国新冠肺炎预测模型数据和实际出现高峰数据对比，准确性还是非常不错，以意大利为例，SIR模型从3月中旬已经预示意大利新冠确诊人数高峰拐点会出现在3月底-4月初，而实际高峰值日确诊5900例出现在3月27日，落于预测拐点周期之间，基于包括意大利等多个国家模型对于疫情高峰拐点的准确性预测，美国新冠高峰拐点下周出现可信度比较高。尽管美国新冠肺炎确诊人数单日突破三万，原因还是美国加大了检测力度，这有利于后几天的确诊人数减少，下周大概率出现高峰拐点对资本市场或是个积极信号，考虑到疫情是因，而股市上涨仍需要经济恢复，后期需要重点关注美国复工复产的情况！,04/12
【航空学校】|民航战疫简报|美航新增上海等7条客改货航线；特朗普周末或与航司讨论救助方案-专业动态-招生专业-重庆航空专业招生官网O网页链接,04/12
实时播报：市场传闻称，欧佩克+今天的会议可能讨论两个问题：1.接受特朗普提出的折中方案（此方案最初被沙特拒绝）；2.减产协议中计算墨西哥的出口量而不是产量。,04/12
我免费围观了@维稳先锋卡菊轮的回答，问题价值250.00元，快来一起围观~O微博问答,04/12
#7×24小时##国际油价#市场传闻称，欧佩克+今天的会议可能讨论两个问题：1.接受特朗普提出的折中方案（此方案最初被沙特拒绝）；2.减产协议中计算墨西哥的出口量而不是产量。下载新浪财经客户端，看全球资本市场风起云涌>>O网页链接,04/12
前两天刚烫染了头发，今天去做护理，我觉得头发颜色做得太亮了不好看。我妹说：颜色挺好看的，只是不适合你而已，我：。我说：多洗几次，颜色应该会变深一点。我妹说：多洗几次，你会变成特朗普，我：？？？（日常被老妹扎心系列）能想象到我头发的颜色吗？,04/12
实时播报:市场传闻称，欧佩克+今天的会议可能讨论两个问题：1.接受特朗普提出的折中方案（此方案最初被沙特拒绝）；2.减产协议中计算墨西哥的出口量而不是产量。,04/12
我怎么也想不到，有一天我会拿着特朗普的演讲来练听力，这声音是真的好听,04/12
#菲律宾总统游艇改建方舱医院#可以容纳28名病人以及5名医护人员…#全球抗疫第一线##特朗普称早知道新冠肺炎是大流行病#L央视网快看的微博视频,04/12
就像特朗普说的：这就是人生吧,04/12
市场传闻称，欧佩克+今天的会议可能讨论两个问题：1.接受特朗普提出的折中方案（此方案最初被沙特拒绝）；2.减产协议中计算墨西哥的出口量而不是产量。,04/12
实时播报：市场传闻称，欧佩克+今天的会议可能讨论两个问题：1.接受特朗普提出的折中方案（此方案最初被沙特拒绝）；2.减产协议中计算墨西哥的出口量而不是产量。,04/12
《纽时》指纽约病例由欧洲传入，特朗普斥假新闻美国《纽约时报》早前引述研究报告指，纽约的大部分新冠肺炎病例由欧洲传入。特朗普上周六（11日）直斥该报道为假新闻。《纽约时报》同日公开一批专家与政府的电邮，透露专家早在疫情初期已警告其严重程度，但特朗普政府没有及时实施防疫措施。特朗普在社交网上发文道，《纽约时报》指新冠肺炎病毒源自欧洲、而非中国，是他首次听到这种理论。他质疑记者的消息来源，又形容《纽时》逐渐衰落，批评该报刚被中国像赶狗一样赶出来，却想重新获中国批出采访许可，因此才会写出「纽约病例源自欧洲」的说法。#天下之事#深圳小天,04/12
→_→【历史上首次！#美国50个州全部进入重大灾难状态#】#美国50州全部进入重大灾难状态#美国总统特朗普11日批准怀俄明州为新冠疫情“重大灾难状态”，这意味着美国所有50个州、首都华盛顿特区以及美属维尔京群岛、北马里亚纳群岛、关岛和波多黎各4个海外领地都进入“重大灾难状态”，这是美国历史上的首次。截至北京时间4月12日2时50分，全球累计确诊新冠肺炎病例1754457例，累计死亡107520例。其中，美国成为目前全球累计确诊病例数、累计死亡病例数最多的国家。(央视),04/13
原油对美股的影响非常大，所以特朗普在撑油价的同时也是在支撑美股，周末全球石油达成减产协议，墨西哥表示不愿意减产，美国则很没有诚意的表示，因为油价下跌，会自然减产。并表示提供额外的每天25万减产额度，帮助墨西哥。沙特和俄罗斯很不满意，双方最终达成一个有限减产协议。,04/13
动真格了！刚刚中国突然宣布，压垮特朗普及其欧美杂碎最后一根救命稻草来了！自从世界疫情爆发以来，当中国自己在抗击疫情的时候，世界上许多囯家都在其能力范围内提供了援助。许多国家感谢中囯的无私帮助，但是还有些不知好歹的杂碎囯家不仅不懂得感恩，而且还在落井下石。当中囯一直在加班加点地生产口罩，支援世界疫情严重的囯家。但是，还有一些囯家的做法让人们非常气愤！中囯无偿帮助他们照样全收，可是万万想不到的是，出口卖给他们的时候，他们设局诬陷中囯口罩不符合他们的标准。还记得前几天荷兰爆出的不合格口罩吗？荷兰媒体对中囯的物资进行了一连串的批评。作为回应，中囯果断宣布，暂停向荷兰出口所有口罩和其他物品。等调查清楚再说！然而，经过调查发现，这些不合格口罩，竟然是生产企业没有经过中囯标准的检测，而仅仅拿到了欧盟的标准，并没有拿到中囯的生产标准。如今，出了问题之后，外媒就把产品不合格的脏水直接泼到了中囯制造头上。读者会问了，是不是我们的产品之所以达不到人家的要求，是不是中囯制造没有人家欧美的产品好？那就大错特错了。长期以来标准只是美囯和欧盟等囯对中囯制造的坎而已。举个例子，我们的n95口罩和美囯的一样，达到了相同的抗菌要求，但是因为不同于美囯的标准，美国以此为借口拒绝中囯的n95口罩。五角大楼已经开始紧急采购10万个尸体袋。它宁愿牺牲十万人，也不愿放弃对抗中囯。我们还能说什么？盖闻天地之数，有十二万九千六百岁为一元。将一元分为十二会，乃子、丑、寅、卯、辰、巳、午、未、申、酉、戌、亥之十二支也。每会该一万八百岁。且就一日而论：子时得阳气，而丑则鸡鸣；寅不通光，而卯则日出；辰时食后，而巳则挨排；日午天中，而未则西蹉；申时晡而日落酉；戌黄昏而人定亥。譬于大数，若到戌会之终，则天地昏蒙而万物否矣。再去五千四百岁，交亥会之初，则当黑暗，而两间人物俱无矣，故曰混沌。又五千四百岁，亥会将终，贞下起元，近子之会，而复逐渐开明。邵康节曰：“冬至子之半，天心无改移。一阳初动处，万物未生时。”到此，天始有根。再五千四百岁，正当子会，轻清上腾，有日，,04/13
“山川异域，日月同天”，画风说变就变，4月12日，日本媒体《读卖新闻》也开始污蔑中国了。日本读卖新闻中国总局长，竹内诚一郎在《读卖新闻》抛出一篇文章，题目是“‘不能道歉政党’的自作自受”，呼应中国应当对疫情在全球大暴发负责的极端主张。值得警惕的是竹内诚一郎是一个“中国通”，借职务优势长期在中国生活工作。去年8月2日，竹内诚一郎参加了在湖北武汉举行的“中日媒体智库高端论坛”，并且还发言。竹内诚一郎坦言，日本媒体在选择报道的内容中，对负面的题材有一定的倾向性。但是众所周知，中日两国民众对对方国家的了解，超过9成都是来自媒体报道，因此每一个媒体工作者，都不应该忘记自己肩负的责任，在实际工作中可以坚持自己的判断和选择，努力促使中日关系更加成熟，更加友好。就是这样昨天还谈着中日友好，今天翻脸不认人的日本人竹内诚一郎，蓄意已久。#东奥会延期间接损失将达750亿美元##特朗普称死亡人数将低于10万##英国首相约翰逊出院#,04/13
『美媒盘点特朗普小觑新冠病毒言论：这是一种流感』O美媒盘点特朗普小觑新冠病毒言论：这是一种流感,04/13
『美国这样错过抗疫最关键70天，华邮万字长文调查特朗普为何输给病毒』O美国这样错过抗疫最关键70天，华邮万字长文调查特朗普为何输给病毒,04/13
特朗普曾考虑任由疫情“横扫美国”，让民众感染病毒形成群体免疫据美国《华盛顿邮报》4月12日报道，知情人士本周向记者爆料，上个月，在一次于白宫状况室召开的疫情应对特别工作小组会议上，美国总统特朗普多次向美国顶级传染病专家安东尼·福奇博士提问：“为何不能任由病毒横扫美国？”在当天的疫情应对特别工作小组会议上，特朗普向福奇博士提出了一个大胆的想法，称可以考虑任由病毒在美国肆虐，这样民众就能够很快感染病毒，形成群体免疫。作为疫情应对特别工作小组的主要成员，安东尼·福奇博士听完特朗普的建议后起初以为后者是在开玩笑。但很快他意识到特朗普是认真地在考虑这样做的可能性。他提醒特朗普：“总统先生，这样做会导致很多人丧生。”那段时间，特朗普多次在白宫疫情发布会上公开表示，以牺牲国家经济为代价抗击疫情是不可取的，称经济衰退会比病毒本身造成的死亡人数更多。特朗普的这一观点得到不少支持者的拥护。报道指出，即使是在美国感染人数已经远超其他任何国家的情况下，特朗普还对恢复经济念念不忘。4月10日，特朗普在白宫疫情发布会上宣布将于4月14日成立“开放我们的国家”委员会，以尽快恢复部分国家经济。该委员会将在特朗普女婿、白宫高级顾问贾里德•库什纳的牵头下，争取于5月1日前开放部分美国经济。然而，要想在短时间内恢复美国部分经济并非易事。美国多个州已经无限期关停全部学校，且很多州都采取了比联邦政府要求更为严格的抗疫措施。,04/13
#腾讯新闻#环球网:【美媒：美国78岁房地产大亨、特朗普好友因感染新冠病毒去世】综合多家美媒12日报道，纽约市著名房地产开发商、共和党资助人、美国总统特朗普的好友斯坦利•切拉（StanleyChera）因患新冠肺炎去世，终年78岁。美联社报道称，房地产杂志《TheRealDeal》最先报道了切拉去世的消息。随后，白宫一位官员证实了切拉的身份及其与特朗普的好友关系。《纽约邮报》3月24日报道了切拉因感染新O网页链接来自@腾讯新闻,04/13
假如特朗普连“”福气”这样的六朝元老都罢免了，那么美国人民就真的没有福气了！特朗普就成了美国版的“”商纣王”，“福气”成了比干！美国的下场可以预料到～会很惨…#腾讯新闻#确诊近56万，六朝元老福奇因说真话遭解雇威胁，曾遭死亡威胁未退缩O网页链接来自@腾讯新闻,04/13
【特朗普：何时重新开放美国经济我说了算】　　北京时间4月13日消息，美国总统特朗普周一表示，何时重新开放美国经济是他能决定的，而不是州长的决定。　　“这是总统的决定，原因很多。话虽这么说，我和政府正...O网页链接,04/13
"特朗普在中国关闭各个国际航班后才宣布“撤侨"",主要的目的是整治这些背叛他的美国华人。L太乙亘0956的微博视频",04/13
《特朗普注定载入史册！刚华盛顿传来重量级信息，美国全境“沦陷”》特朗普注定载入史册！刚华盛顿传来重量级信息，美国全境“沦陷”O网页链接,04/13
#特朗普称死亡人数降到10万算不错了#不管是武汉人，还是中国人，亚洲人还是美国人还是欧洲人，历史肯定都没学好，永远都在重复各种历史错误，永远不会吸收教训,04/13
『美国哥伦比亚大学教授评论：什么美国成为世界上新冠肺炎死者最多的国家？——因为特朗普』O美国哥伦比亚大学教授评论：什么美国成为世界上新冠肺炎死者最多的国家？——因为特朗普,04/13
拜登发文批特朗普抗疫失败：没计划没准备还撒谎。,04/13
全部撤回来！钱不能让中国都挣了！特朗普含泪深夜哀呼！西瓜视频O网页链接,04/14
记者采访年经的特朗现在跟以前也一样霸气#特朗普称死亡人数将低于10万##花样宅家挑战#L搞笑服装的微博视频,04/14
#韩国将交付美国60万检测盒#【【美航母出现死亡病例！因为说了真话，特朗普要炒掉首席专家？】截至目前，美国新冠肺炎确诊病例已接近60万例，死亡超过23657例。在纽约新冠死亡病例超过一万的这天，被新冠疫情逼停的“罗斯福号”航母出现首个死亡病例，加剧了美国人对其军力受损的关切。】L神和她的孩子在跳舞的微博视频,04/14
我围观了@褚明宇的回答，该问题价值2198.00元，围观仅1元，快来一起围观~O微博问答,04/14
特朗普拒绝与默克尔握手，看得尴尬癌都犯了#特朗普称死亡人数将低于10万##花样宅家挑战#O网页链接,04/14
转发“解雇福奇”推文后续，特朗普：我不会解雇他的，这人很棒。L太乙亘0956的微博视频,04/14
特朗普拒绝与默克尔握手，看得尴尬癌都犯了#特朗普称死亡人数将低于10万##花样宅家挑战#O网页链接,04/14
【特朗普将在未来一两天内宣布关于重新开放经济的重要声明】美国国家经济顾问库德洛称，特朗普将在未来一两天内宣布关于重新开放经济的重要声明。他认为美国已经准备好重启经济。,04/14
《特朗普“威胁”也没用！刚刚，又一个欧洲大国公然和美国对着干！》特朗普“威胁”也没用！刚刚，又一个欧洲大国公然和美国对着干！O网页链接,04/14
全世界最不靠谱一天天睁眼说瞎话的领袖不是特朗普么？他都能有近五成的支持率，那比起来全世界绝大部分的国家领袖都是满分一百拿八十以上了。,04/14
【特朗普吹嘘抗疫成就，美国媒体直接掐断直播】目前全美新冠肺炎累计确诊病例已逼近60万例。4月13日，美国总统#特朗普#在白宫例行简报会上播放宣传短片“夸耀”自己的抗疫成就，多家美媒在短片播放时突然切断直播信号。CNN直播画面下方的新闻横标题立刻改成了“特朗普怒将简报会改成宣传会”。更有记者提出质疑，逼问特朗普2月在做什么，最后被问“毛”了的特朗普吼道“（做了）超多”，并故技重施怒斥“你们都是假新闻”。#美国疫情##美国多州称将自行决定何时重启经济#L南方日报的微博视频,04/14
【#巴西11名确诊患者试药后死亡#“特效药”研究紧急叫停】4月11日，巴西一项对81名新冠患者的临床研究表明，氯喹或导致其心率失常乃至死亡。研究者将患者分为大剂量和小剂量两个对照组，发现大剂量组的病患3天后出现心律不齐症状，6天后该组11名患者死亡，该研究因此被紧急叫停。特朗普曾多次推荐羟氯喹。#聚焦新冠肺炎疫情#L世面的秒拍视频呵呵,04/14
"#凤凰新闻#分享凤凰新闻：美国民众醒悟了,特朗普民调下跌,美国开始内讧O美国民众醒悟了,特朗普民调下跌,美国开始内讧来自@凤凰新闻客户端O网页链接O美国民众醒悟了,特朗普民调下跌,美国开始内讧",04/14
美国的灾难，就是因为有特朗普的存在，特朗普就是沾满鲜血的刽子手!『面对无底线的特朗普，我们不能只有善良』O面对无底线的特朗普，我们不能只有善良,04/14
#美国报纸因疫情讣告增至11页#读者：从未见过如此情况…L世面的秒拍视频#美国新冠肺炎死亡2.3万##特朗普称早知道新冠肺炎是大流行病#,04/14
【#你好，明天#】特朗普宣布断供世卫组织，招致国际社会批评。与疫情鏖战的关键时刻，停止向尽职尽责的世卫组织输送弹药，不啻于拉病毒一把。这种短视之举，本质上是寻找替罪羊，转移自身责任。结果惩罚的不是世卫组织，而是美国民众。别再甩锅，别再“加戏”，别再“抽梯子”，大国当尽大责任。@人民日报,04/15
特朗普更像一位给自己受了欺负孩子出头、拔分，不讲道理的母亲！面对国内不能统一行动，统一调配，外加媒体的悲观和对手的指指点点！他除了咆哮，真的没有其他办法！一旦坐下来讲道理，就彻底输的啥都不剩，这个时候使用一切可用的办法进行动员：哪怕是恐吓、欺骗！！美国要庆幸有这样一个为自己背锅的总统，除了他自己在摇旗呐喊，其他的，基本都是在配合表演！他没有办法，毕竟除了技术，啥都没有，除了威逼利诱，甚至抢，他一点办法都没有！他不能低声下气的去向“自己的敌人”企援，所以只能揍自家孩子“3M”！他唯一能做的，激发全民，这种激发他想是全方位！这就是美利坚合众国的总统！一个不讲道理，但是时刻铭记美帝国主义、美国优先、美国人民！特朗普下一任期的主要任务就是制造业回归美国！,04/15
【比尔盖茨批特朗普停止给世界卫生组织拨款】根据美媒CNN当地时间4月15日的报道，微软创始人，前世界首富比尔盖斯，对特朗普提出批评，称特朗普总统关于停止向世界卫生组织（WHO）拨款的言论十分危险。比尔盖茨表示WHO的主要工作就是减缓新冠病毒的传播，如果WHO此时瘫痪，没有其他组织可以替代它的工作，全世界现在比以往时候都更需要世界卫生组织。此前已有多国政要和美国国内的媒体和民主党人批评特朗普的这一决定，比尔盖茨是首位公开批评特朗普的商界人士。#特朗普宣布暂停资助世卫组织##新冠病毒蔓延速度有多快##中国又一新冠疫苗将进入临床试验#,04/15
#云自习挑战#今日清单Day39✔︎英语单词5个（明天开始三轮复习）✔︎《摩登家庭》season1二刷01✔︎《醒世恒言》第十二卷“佛印师四调琴娘”（调琴娘无甚意思，扮作僧人面见圣颜，反因气度不凡，钦赐剃度的经历倒是蛮传奇的。✔︎瘦腿+肩颈+拉伸训练44天30分钟✔︎广播剧《神医农女》230-235集（女主自救，斩杀男二这段真的精彩。✔︎《古典音乐的奇幻之旅》163柴可夫斯基《D大调小提琴协奏曲》（第二乐章的田园风格，我真的太喜欢了。✔︎《八分》192集“疫情下，民主还是不是个好东西”（聚旗效应，说白了就是甩锅和转移注意力嘛…只希望美国不会因为这个效应而让特朗普连任…英女王的演讲好棒，传递了坚定的信心，我要一句句地学学。✔︎70届奥斯卡最佳动画短片《棋逢对手》（一个戏精老头，一个人扮演两个角色对弈，那分明是一个人，性格却迥然不同，孤独就分裂另一个自己自我陪伴吧。皮克斯真是深谙“以乐景写哀情”之道，看完让人觉得悲哀。#云监工#@休养生息打Boss,04/15
#今日时政速递#习近平：团结合作是国际社会战胜疫情最有力武器O团结合作是国际社会战胜疫情最有力武器重启一周的武汉，到处都是熟悉的味道O思客数理话｜重启一周的武汉，到处都是熟悉的味道战“疫”每日观察丨风雨不小信心不倒谋变要早O网页链接中国援缅医疗专家组深入缅甸抗疫一线分享防疫经验O网页链接“和祖国的专家聊一聊很安心”——记中国援哈萨克斯坦医疗队指导同胞抗疫O网页链接国际时评|中欧班列载来东方暖意O网页链接“逆行”妈妈·口罩缝纫工·公益食堂·中国口罩——美国民众抗击新冠疫情的温情故事O网页链接塞尔维亚疫情防控进入关键期　听取中国专家组意见显成效O网页链接特稿：万水千山血脉连守望互助待花开——海内外中华儿女携手战疫记O网页链接特朗普宣布美国停缴世卫会费，这样做真的不好O网页链接国际观察|这场中国参加的特别会议意义非凡O网页链接来自联合国的vlog|青年人，我们必须携手应对危机O网页链接把脉世界经济|全球经济形势严峻凸显多边合作重要性O网页链接外交部：中俄将坚定站在一起携手应对阻力O网页链接外交部：中非双方就在广东的非洲侨民境况问题保持密切沟通和友好协商O网页链接国际货币基金组织：中国抗疫政策有助于恢复经济当下需警惕国际需求疲软O网页链接德国中国问题专家：中国正从新冠病毒阴影中快速恢复O网页链接力挺世卫！比尔·盖茨：世界比任何时候都需要世卫组织O网页链接古特雷斯：世卫组织必须得到支持这对全球战胜新冠疫情的努力绝对关键O网页链接欧盟官员：对美暂停资助世卫组织深表遗憾O网页链接北美观察丨阻碍医护物资进口美对华关税政策遭批O北美观察丨阻碍医护物资进口美对华关税政策遭批,04/15
福奇没有像特朗普建议的那样，指出一个他认为可以在5月1日前重新开放的州。周二，他缺席了白宫的冠状病毒新闻发布会，称特朗普冗长的问答环节“让人精疲力竭”。在周二晚间接受美国全国广播公司(NBC)采访时，这位美国顶级传染病专家被问及，在特朗普无视一些州甚至可以在他的联邦指导方针到期之前重新开放之后，哪些州（如果有的话）可以重新开放。福奇说：“我敢肯定…他说的是一些人口密度低、土地面积大的州。我没有一个州一个州地查，这里会有很大的变化。不会是一刀切。”,04/15
"#美国疫情#众议院议长佩洛西发声明批评#特朗普宣布暂停资助世卫组织#，称特朗普的决定""愚蠢、危险、违法、将很快受到挑战""，又指责特朗普从出现疫情的第一天起就无视公共卫生专家的意见、不尊重科学、还对前线抗疫人员带来损害。佩洛西还重申，特朗普的决定再次证明他是一个""软弱的人、差劲的领袖，不负责任、责怪他人的懦弱者。""",04/15
美国采取了一系列战时措施，这是该国历史上从未一起采取过的措施，包括禁止来自两大洲的入境旅客，贸易处于近乎停滞的状态，招募制造紧急医疗设备的行业，以及将2.3亿美国人困在自己的家中，一切都是为了试图躲过一个看不见的对手的攻击。尽管采取了各种极端的措施，而且美国一向被认为是应对流行病准备最充分的国家，但最终却被新型冠状病毒灾难性地击败，伤亡人数比其他任何国家都要多。无不与蔑视病毒的危害有关系，及对灾害估计的不充分，无论从哪方面比，特朗普总统对股市的关注度都要比新型冠状病毒高得多。『华盛顿邮报长文披露：特朗普和美国政府是如何延误防控新冠肺炎时机的』O华盛顿邮报长文披露：特朗普和美国政府是如何延误防控新冠肺炎时机的,04/15
【力挺世卫！比尔·盖茨：世界比任何时候都需要世卫组织】针对特朗普宣布美国将暂停资助世界卫生组织（WHO），美国盖茨基金会联席主席比尔·盖茨15日通过社交媒体发文表示，在公共卫生危机发生期间，停止对世界卫生组织提供资金支持，这很危险。世卫组织的工作正在减缓疫情的传播速度，如果这项工作停止，任何其他组织都无法取代他们。世界比以往任何时候都更需要世卫组织。O网页链接,04/15
#美国疫情#CDC主任Redfield：WHO是CDC的“长期合作伙伴”，一起在全世界抗击疾病，包括目前正在刚果金努力结束埃博拉疫情，也在新冠病毒上合作。因地缘政治作出的决定，我没有那方面的专业知识，对CDC来说，我们继续与WHO合作来消除病毒的传播，保护美国人民。#特朗普宣布暂停资助世卫组织#L张琪liv的微博视频,04/15
#盖茨称停止向世卫组织提供资金很危险#【#比尔盖茨力挺世卫组织#：世界比任何时候都需要世卫】在特朗普宣布暂停资助世卫组织后，美国盖茨基金会联席主席比尔·盖茨通过社交媒体发文表示，这很危险。世卫组织的工作正在减缓疫情的传播速度，如果这项工作停止，任何其他组织都无法取代他们。世界比以往任何时候都更需要世卫组织。#盖茨称停止向世卫组织提供资金很危险#L央视网快看的微博视频,04/15
特朗普在白宫办公室会见感染冠状病毒的康复者。特朗普询问了他们的症状，了解有关其治疗和用药的问题。聆听了康复者讲述从钻石公主号游轮上回家的痛苦经历。并被告知呼吸急促非常严重，以至于一名男子说，他不能同时走路和说话。一名女康复者认为是羟基氯喹救了她。特朗普再次赞扬这种抗疟疾药物。特朗普说：消息已经传出去了，人们知道了，不过媒体不知道。一位康复者告诉特朗普，我从来没有感觉这么糟糕过。另一位说，她感觉恢复了85%的。特朗普开玩笑说，离我远点，同时告诉她，他会让她去看医生。特朗普对冠状病毒康复者说，在开发疫苗甚至是治疗方法上美国已经取得了“很大的进步”。,04/15
【美国总统特朗普暂停资助世卫组织，多方齐表“遗憾”】据法新社4月15日报道，当一些国家逐步放宽禁闭措施，采取行动应对疫情对经济影响之时，美国总统特朗普指责“世界卫生组织管理不善与隐瞒疫情传播”，做出暂停向其缴纳会费的决定。联合国秘书长古特雷斯和微软公司创始人比尔·盖茨对此表示谴责，后者在推特上写道：“听起来很危险”。欧盟外长博雷利指出，“没理由能为这一举措做出合理解释，现在比以往更需要（世卫组织）的努力以遏制疫情”。非洲联盟委员会主席穆萨·法基则表示“深感遗憾”。据悉，作为世卫组织的主要赞助方，美国去年向该组织缴纳超过4亿美元会费。#全球疫情##海外抗疫日记##近距离看全球#,04/15
股市特朗普：预计股市将很快创纪录新高！5月1日前部分州或重启经济。当地时间14日的白宫记者会上，特朗普的发言和问答一如既往的信息量满满。部分州可能在5月1日前重启经济，预计股市将很快创纪录新高前一日，包括纽约州在内的美国东北六州组成抗疫联盟，监控疫情并协商经济重启问题。周一更晚时候，包括加州在内的西海岸三州也宣布将携手抗疫并自主制定经济重启计划。周二，特朗普总统表示，他相信部分州可以在5月1日前重新开放其经济，取消为减缓新冠疫情传播所设置的隔离限制，预计股市将很快创纪录新高。随后，他宣布成立了经济复苏工作组，将很快公布具体细节和指引。#东方财富##股票#美股#微博股票#股票#东方财富网##财经##新浪财经##今日看盘#,04/15
【#特朗普称美国检测能力世界第一#：其他国家都打电话求我】14日，特朗普称，现在美国的检测能力首屈一指，其他国家打来电话寻求帮助。自新冠疫情在美暴发，特朗普多次表态本国检测手段先进、检测能力强。而前总统奥巴马曾在社交网站转发一篇关于美国抗疫的文章，直指美国检测方面还做得不够。L世面的秒拍视频#全球新冠肺炎确诊超过200万#,04/15
特朗普浑身都在拒绝和默克尔握手，小心眼的总统#特朗普宣布暂停资助世卫组织##花样宅家挑战#O网页链接,04/16
中国学者：中法这次外交较量和过去有一个本质不同|特朗普|世卫组织|新冠肺炎_新浪军事_新浪网O中国学者：中法这次外交较量和过去有一个本质不同,04/16
西部三州在对抗疫情上已经结盟了。纽约、新泽西、密西根联合对抗特朗普。佛罗里达、路易斯安娜、德州各行其是。德州和南部与墨西哥相邻的州，加州等西部各州，会从经济独立开始寻求自保。美国东部和中西部则会强化和联邦政府的对抗，要求增加联邦补贴。,04/16
纽约市长霸气喊话特朗普：你什么都不懂跑来做什么总统啊？@腾讯视频L纽约市长霸气喊话特朗普：你什么都不懂跑来做什么总统啊？,04/16
截止4月14日，全球主要国家和地区新冠感染规模对比数据#特朗普称美国新增病例峰值已过#LYouTube全球精选的微博视频,04/16
《美财政部要求援助支票加印特朗普名字佩洛西怒批》美财政部要求援助支票加印特朗普名字佩洛西怒批O网页链接,04/16
华盛顿邮报长文披露：特朗普和美国政府是如何延误防控新冠肺炎时机的O华盛顿邮报长文披露：特朗普和美国政府是如何延误防控新冠肺炎时机的,04/16
我已经把特朗普纳入我b站的“今天开心了吗”的分组了!!!,04/16
真的担心特朗普宣布不还中国持有的美债了#美国多州出现聚集性感染##安倍宣布日本全国进入紧急状态#,04/16
【#特朗普政府新冠应对动态时间线梳理#白宫，70天里你到底在干什么？】拥有世界领先技术、丰富资源和众多领域专家的美国，新冠病例却持续失控飙升。从中国1月3日开始定期向美方通报疫情信息和防控举措，到美国3月13日全国进入紧急状态，这70天里白宫本可以做很多事，但特朗普政府都做了什么呢？@CGTNLCGTN的微博视频,04/16
美媒：回看80页专家通信记录终于明白特朗普为啥应对疫情失败了#兰州微聚焦##国际军事#,04/16
“绝对权力”令全美复工？美网友：醒醒特朗普你不是个国王O“绝对权力”令全美复工？美网友：醒醒特朗普你不是个国王,04/16
最近，亚马逊公司无情解雇了至少三名要求更多安全保护措施的女性“吹哨人”，加上3月底一名业务部经理感染新冠病毒死亡，这都使老板贝索斯的压力很大。上周三，他突然造访达拉斯的物流仓库，来了一次“大扫除（enhancedcleaning）”，就在他访问的第二天，仓库的一名员工被诊断为新冠肺炎。#新iPhoneSE##特朗普宣布暂停资助世卫组织##武汉抗疫日记#,04/16
美媒：特朗普毁掉美中公共卫生合作带来致命后果O网页链接,04/16
我在看：【叙利亚副外长炮轰特朗普：停止资助世卫组织是反人类罪】#跟新浪看热点#O叙利亚副外长炮轰特朗普：停止资助世卫组织是反人类罪,04/16
【英国前首相布朗：特朗普暂停资助世卫组织的行为是“自我伤害”】O网页链接,04/17
"《人在家中坐锅从天上来！特朗普：我人生最可怕的一天，都怪奥巴马》特朗普表示：""我人生中感到最可怕的一天大概是一个月以前，在一整天漫长的会议过后，我被告知全国各地还需要13万台呼吸机，但是我们还缺少上万台。O网页链接",04/17
【巴西日记：和14具尸体共处一室，巴西🇧🇷病人躺在死者身边吸氧】据英国《每日邮报》4月17日报道，巴西北部亚马逊州马瑙斯市的若奥卢西奥急救医院传出一段视频，一些疑似新冠肺炎患者正躺在隔离病房里接受治疗，有些人不得不借助呼吸机吸氧，而就在他们周围，静静躺着14具死者尸体等待家属认领。这段视频由医院的一名护士录制，已经去世的病人尸体散落在各个角落，医生用毛毯将他们的轮床覆盖，紧挨着尸体边上还有连接呼吸机治疗的病人。该市卫生官员回应媒体，这些死者在4月15日晚到4月16日上午病故，都是新冠肺炎疑似病例；在官员发声时，已有5具尸体被运走，还有9具尸体等待家属持死亡证明认领。卫生官员补充道，由于全市最大的德尔菲纳阿齐兹医院已经满负荷运转，不得不将更多床位安排到若奥卢西奥急救医院收治病人；但该医院资源也有限，只能将精力专注于临床护理，所以出现了视频中死者暂时无人问津的一幕。院方透露，在14名死者中有8人年龄在60岁以上，6人本身患有严重的疾病，他们都是在病情恶化、奄奄一息之际入院的。#美国新冠肺炎死亡病例超3万例##特朗普宣布暂停资助世卫组织##新iPhoneSE#,04/17
推上黑特朗普的图。,04/17
确诊67万，特朗普却希望“三步”重启美国，靠谱吗？政治影响估计一直都在O确诊67万，特朗普却希望“三步”重启美国，靠谱吗？,04/17
特朗普公布允许美国“重启”经济指南：再不复工会严重影响健康L综艺大碗面的微博视频,04/17
今天把中国和美国的流行曲线对比了一下，中国简直是小巫见大巫，晚了两个月也没用，特总统真的应该好好想想咋回事！《猝不及防，特朗普态度突然180度急转弯，作出一个大胆决定！》猝不及防，特朗普态度突然180度急转弯，作出一个大胆决定！O网页链接,04/17
一、大快人心！铁腕普京终于向美国亮剑！面对特朗普抗疫不力，四处甩锅的滑稽表演，俄罗斯总统普京忍无可忍，长剑直指美国。近日，俄罗斯联合伊朗、叙利亚、古巴和委内瑞拉等几个国家将抹黑中国，到处甩锅的美国告上了联合国！他们一致认为，要求联合国取消美国妨碍各国抗击新冠疫情的单方面制裁，并要求美国就疫情做出赔偿。显然这一事件让特朗普措手不及，不过也是他咎由自取。在国内确诊人数接近60万，全美进入“重大灾难状态”的危机时刻，老特的作为完全是一反常态，又岂能不惹众怒？也许这次亮剑不会对美国有实质性的影响，可让世人意识到，美国并不是强悍得不敢触碰。得道多助，失道寡助。因为，道义终究在有良知的人心里，出来混，迟早是要还的。大家认同普京的做法吗？你们怎么看？二、瑞典的死亡率超过了美国，不封城，也不停课，一切活动正常进行中，至今也不宣布强制隔离，瑞典政府相信卫生部们的专业建议，坚定走群体免疫的路线。这说明，世界上不同的国家选择不同的制度，也是对滴？,04/17
特朗普就这样定好了复工复产日期，可见这家伙真的是个狠人，对与错先不论，但真就说一不二了。。。,04/17
特朗普称世卫组织“被中国控制”CGTN主播犀利质问_凤凰网资讯_凤凰网O特朗普称世卫组织“被中国控制”CGTN主播犀利质问,04/17
聚众吃瓜我非常讨厌美国🇺🇸，装逼，充当世界老大多年，制裁任何国家！！！但是，我本人很希望特朗普连任美国总统！为什么呢？？？第一，特朗普，已经74岁，年过花甲。已是不足畏惧的老儿！！第二，特朗普，脑袋有问题，一天胡诌八列，言语颠三倒四，大脑思维混乱！！第三，特朗普，朝令夕改，言出而不行！这是最高统帅不应该犯的错误！第四，特朗普，是奸商出身，只顾蝇头小利，而不顾大局。总想占便宜，最后吃大亏！！第五，特朗普，没有尊严，作为总统不顾身份，说话不算数，拿道歉当家常便饭。和下属也吵架，和记者也干仗。完全不成体统！！第六，特朗普，虽然是生意人但是不会做生意，中国🇨🇳是世界上最大的消费国家。市场最大，他却和中国🇨🇳为敌，等于和上帝作对！！第七，特朗普，没有人性！不拿国民生命当回事儿，对其他国家更是生灵涂炭！没有善良之心的人做什么都不称职，注定遗憾终生！！第八，需要说的还很多很多，也希望中国🇨🇳欺压百姓的官老爷们好好想想吧！！人生苦短，不要仗势欺人，把自己的幸福建立在老百姓的痛苦之上！！事事纷纷难诉陈，知机端不误终身。若问亡国破家者，尽是欺压百姓人！！！！,04/17
据透露，在世界卫生组织宣布冠状病毒大流行的15天前，美国医疗情报部门曾警告美国政府，冠状病毒大流行“迫在眉睫”。2月下旬，当特朗普敦促美国人不要对这种新型冠状病毒感到恐慌时，位于华盛顿以北一小时车程处的一个美军基地内一个鲜为人知的情报部门拉响了警报。美国国家医学情报中心的科学家和医学专业人士几十年来一直在悄悄做着他们一直在做的事情——监测和追踪可能危及海外美军和国内美国人的全球健康威胁。2月25日，医学情报部门发出警告，称这种冠状病毒将在30天内从警戒级别2（一个可能的危机）升级为警戒级别1（一个迫在眉睫的危机）。,04/17
#李沁挽张若昀#特朗普天天说假新闻，新浪才叫真正的假新闻，挽错人也上热搜？？能不能关心点对社会有益的新闻，新浪真是媒体中的毒瘤！,04/17
军报刊文：警惕美在月球上演“圈地运动”兰顺正国际太空近日，美国总统特朗普签署了一项名为《太空资源开采和使用的国际支持保障》的命令，确立了美国开采、利用月球和小行星等太空资源的政策，并认为月球和其它天体不属于人类共同财富。无疑，美国为重返月球正积极作为，对太空进行“私有化”企图也愈发明显。目前，月球的战略意义已逐步被各国所认可。月球本身矿产资源丰富，据推断，除矿物质外，月球表面还存有储量为100万吨至500万吨可作为核聚变理想原材料的氦-3。同时，由于月球引力很小，建造发射场能大大降低空间发射载荷成本；由于没有大气，建造太阳能发电站效率也将更高。而且探索月球这样的大型航天活动对于国家经济、科技发展的拉动作用也非常大。现在美国领先于世界的信息、生物、新材料等高新技术，很大一部分都来自对“阿波罗计划”工程技术的消化、优化和二次开发。这些对美国的诱惑力巨大。对于当前美国政府来说，大力推动美国向太空进军并重返月球是其一直以来的目标。而此次美国政府关于开采月球的命令，也并非是其第一次为独占太空自然资源铺路。早在2015年，美国就通过《商业航天发射竞争法》，鼓励国内私人公司在月球和其他天体上开采矿藏。美国还于2019年宣布重启代号为“阿耳忒弥斯”的登月计划，目标是在2024年将宇航员送上月球，并于2028年之前，在月球上建立可持续的人类基地。此外，为追求在航天领域的世界领导地位，美国还积极推动商业航天的发展。除了2018年美国政府接连签署2号航天政策指令和3号航天政策指令，以改进对商业航天的监管外，美国宇航局为降低开发太空成本，还与商业公司如“蓝色起源”公司和SpaceX公司合作。“蓝色起源”在去年5月公布了专为“阿耳忒弥斯”计划设计的“蓝月亮”登月器，SpaceX也在研制名为“星际飞船”的可重复使用发射系统。这些商业航天的身影无疑将为军事航天行动提供支持。然而，在企图推进月球“圈地运动”的过程中，美国除了要克服技术资金方面的困难，还要面对如《月球协定》这样的国际条约限制以及来自国际社会的压力。俄罗斯联邦委员会信息政策委员会主席阿列克谢·普什科夫在评论美国政府当前签署的这一商业开采太空资源命令时表示，美国赋予自己开采太空资源的权力、拒绝将月球和其他行星视为人类共同财产的行为与海盗无异。虽然美国不是《月球协定》的签署国，但是美国的行径却与“月球的勘察和使用是全人类的财富”这一共识相违背。因此，在美国登月计划即将展开之际，美国需要给自己找一个“冠冕堂皇”的理由。据报道，就在该行政令签署的前几天，美国宇航局发布了《月球持续探索与开发规划》，明确了“阿耳忒弥斯”计划的任务目标和步骤。可见，美国的做法就是在为自己能够对月球资源“先到先得”建立政策依据，国际社会对此应予以高度警惕。来源：解放军报作者：兰顺正,04/17
【#拜登回应特朗普公布重启美国计划#：他说的不像个计划，像下赌注】16日，对于美国总统特朗普公布的关于重新开放经济的指导计划，美国民主党总统竞选人拜登在节目中表示“我不认为那是一个计划，他（特朗普）所做的事有点像是在下赌注”他称特朗普所讨论的这些阶段并非是毫无道理，但这个计划没有任何硬性指导方针。@海客新闻#重庆家常菜#L海客新闻的秒拍视频,04/17
【刚从中国获得大批口罩，美国就送出100万只，这才是美国真正盟友】最近因为疫情在全球范围内大肆扩散，医疗物资已经成为各国的紧俏产品，那么疫情之下谁才是美国真正盟友？特朗普用行动给出答案，原来美国刚从中国获得大批口罩，就向以色列国防军一次送出100万只口罩。#紫龙防务观察##军事#L紫龙防务观察的微博视频,04/18
特朗普在为引进中医铺路爱写字的康来强美国人是放弃自由民主人权独立的时候了，可以做但不能说。中国人的数据，是因为中医造的【假】。大凡一个女子爱先生，必说讨厌杀了你死鬼死东西。所以特朗普有了话题，中国数据造假。到锅甩不出去，就只有用中医了。他的孙女士学中文的。武汉初期死亡率很高，10%，上海市0.1%。用中医后很快拉到平均的5%，武汉初期死亡太庞大了。美国除了交流中国的防疫经验，就剩下中医这个大关了。推动中医在美国的应用，是门艺术。钟南山推广中医非常艺术，表面评价一般，实质下狠劲。以韩国的防疫经验，不停工不停产。加上中医，美国能过关，美国人民是伟大的人民。,04/18
互掐！佩洛西喊话特朗普为疫情负责特朗普：你别度假了，回来上班O网页链接,04/18
美媒：新冠病毒阴谋论头号攻击目标——与特朗普唱反调的比尔·盖茨O网页链接,04/18
外资撤走也白搭，疫情过后，全世界民粹主义觉醒，也就是说，大家自扫门前雪，无论做什么事，必须对我的国家有好处才行。这个头是特朗普带起来的。,04/18
全球最应该染上新型冠状病毒🦠的人特朗普……人类就和谐了我分享了O中国修订死亡病例数后特朗普疯了,04/18
商人是逐利的，不是你美日政客说撤就撤的，在市场因素决定下，若美日企业在中国不能获利，不用你特朗普叫嚣，企业家也会撤走。,04/18
#brightwin##假偶天成##nnevvy#有些东西深挖，会非常有意思。真那么爱G，为什么不撕山姆派的特朗普？为什么不撕下午茶派呢？却偏偏盯着小小一个暹罗派（和我们关系还算不错哦），一个刚刚走红的小明星、以及他影响力更微弱的网红女友撕？所谓的爱G，不过是为了实现个人更为隐秘的目的而高举的冠冕堂皇的理由罢了。不论是2.26的肖战事件，还是这一次bright风波，爱，才是被滥用最多的一个词。,04/18
【中国修订死亡病例数后，特朗普疯了，发了一番令中国人震惊的言论】O网页链接(分享自@搜狐新闻客户端)//,04/18
华盛顿邮报长文披露：特朗普和美国政府是如何延误防控新冠肺炎时机的O华盛顿邮报长文披露：特朗普和美国政府是如何延误防控新冠肺炎时机的,04/18
特朗普：美国纳税人每年向WHO支付4-5亿美元。WHO：美国每年支付不到6000万；2019年的会费还没交；总共欠费近1个亿。,04/18
"特朗普称""中国死亡病例远超国""遭炮轰：不配当个人#特朗普#美国疫情#记录世界记录你#L西海岸新区24小时的快手视频",04/18
《特朗普鼓动“解放”三州州长回怼：忙着呢，没空搞“推特战”》O网页链接,04/18
华盛顿邮报长文披露：特朗普和美国政府是如何延误防控新冠肺炎时机的O华盛顿邮报长文披露：特朗普和美国政府是如何延误防控新冠肺炎时机的,04/18
纽约大批医护人员上街抗议喊话特朗普：我们的命也是命！#新型冠状病毒#记录世界记录你#L河北新闻网的快手视频,04/18
【#特朗普称美国是呼吸机之王#：我要帮其他国家】当地时间18日，美国总统特朗普在白宫简报会上表示，目前美国每周能造出数千台呼吸机，是“呼吸机之王”，将能帮助其他国家。他还说，全美已经有超过400万人接受了病毒检测，这一数字是世界其他国家的两倍还要多。@央视网快看L央视网快看的微博视频,04/19
我在看：【“特朗普”唱跳赵本山《咱屯里的人》劲歌热舞……】#跟新浪看热点#L“特朗普”唱跳赵本山《咱屯里的人》劲歌热舞……,04/19
特朗普:金zheng恩给我写信了，金zheng恩：我没有！,04/19
PBS高清纪录片《#美国大分裂#：从#奥巴马#到#特朗普#》视频较长，建议收藏或转发后慢慢观看晚安O网页链接更多精彩报导详见《NOWnews今日新闻》网，本文由NOWnews授权报导欢迎关注NOWnews今日新闻新浪微博#nownews今日新闻#www.nownews.com,04/19
那还由着他胡来？《耶鲁大学专家谈特朗普“重启美国”计划：很大概率会出现第二波疫情》_凤凰网资讯_凤凰网O耶鲁大学专家谈特朗普“重启美国”计划：很大概率会出现第二波疫情,04/19
【#特朗普称美国是呼吸机之王#：我要帮其他国家】当地时间18日，美国总统特朗普在白宫简报会上表示，目前美国每周能造出数千台呼吸机，是“呼吸机之王”，将能帮助其他国家。他还说，全美已经有超过400万人接受了病毒检测，这一数字是世界其他国家的两倍还要多。@央视网快看L央视网快看的微博视频,04/19
华为手机我已经用过3个了，我觉得不比苹果手机差。自从美国特朗普限制欧盟使用对华为公司设备以来，让全球更知道并使用了华为手机，华为的名字已经是家喻户晓。纷纷使用华为手机，不仅得心应手而且还有爱国情怀。,04/19
《特朗普的“大日子”来了，美国新药疗效泄露，重症患者6天能出院》当地时间4月16日，美国总统特朗普宣布重大决定，公布美国经济重新开放指南。O网页链接,04/19
#腾讯新闻#防特朗普截胡，美州长组织“秘密航班”从中国运口罩O网页链接来自@腾讯新闻,04/19
耶鲁大学专家谈特朗普“重启美国”计划：很大概率会出现第二波疫情O耶鲁大学专家谈特朗普“重启美国”计划：很大概率会出现第二波疫情,04/19
特朗普：美国的防疫成果比任何国家都好得多。LYumen1028的微博视频,04/19
【特朗普又要失望了，最后一颗北斗已抵达发射场，GPS从此跌下神坛】近日，北斗三号最后一颗组网卫星已经抵达发射场，这颗卫星将于5月完成发射，不仅意味着北斗卫星导航系统彻底实现全球组网的激动人心的时刻要到了，还意味着美国在卫星定位系统上的垄断地位将被彻底打破。#军事##独孤九舰#L诸葛小彻的微博视频,04/19
行有不得反求诸己这种思维定式非常坑害人，脸厚心黑爱甩锅才在这个社会上吃的开。都说主观意识太强太自我不好，但是特朗普越这样脑残粉越多。当然在紧密关系中，往往是双方都有责任，不是一方的错，学会规律，积累经验，带眼识人都非常的好；自怨自艾不断自我攻击不断揽错，只会变成大苦逼。,04/19
特朗普政府会把美国狠狠地搞乱，中国只需静静的加油干。一：疫后美国会联合多个国家向中国发难，可能会有点新八国联军的派头。但不要慌，折腾不了多久，一是因为特朗普会一直美国优先，对盟友的所谓帮助多是口惠而实不至；二是各国的经济在这次疫情前就不是很好，疫情打击后只会更糟。所谓的政治正确终会让位为经济正确。他们的经济自救最终才是第一位的；二：特朗普政府在和平顺境时，一些观念与措施可能无伤大雅，美国的国力与国本摆在那儿。但一旦处在危难或困境之中，则会错误连出，地主家的余粮再多，也经不起败家子。放在中美大国竞争关系的大局中，则更会失分；三：在中美没有真正分出老大的过程中，西方国家包括日韩等国，绝大多数还是会站在美国一边的。一是依附于强者，二是处于同一种社会制度同一套价值观体系同一个西方大阵营。中国只有埋头苦干，加速地发展与壮大自己。国际上的声名不要过于在意。实力才是硬道理。四：中国一是要经营好国内的自己的经济事情，二是要搞好同俄罗斯、非洲国家的关系；三是要搞好一带一路沿途国家的关系。关系是依次的；五：中国在外交上要敢于斗智斗勇；在军事上要加强核心能力建设，尤其是空军、陆军、海航空兵的“夜战”本领！！中国以前的拿手绝活“夜袭”本领不能丢，要跟上来。这是缩小武器差距的很重要的绝好途径。六：一旦中美局部开打，中国也不需过于担心。核心关键在于选好统帅与将领。这个是胜利的重要保障。从这次疫情来看，强大的美国远不如我们想象象中的那么强大！而且，他们到现在也没有看清、也没有重识与认识到我们的政府与社会实力。他们的大意与粗心，会让他们付出沉重的代价。美国的唯一优势就是胜在武器上面。这一点我到现在才看清，戴旭却在多年前就已看清，实在是了不得；整个来说，特朗普政府把手上的一幅好牌打得稀烂。但美国的经济，美国的社会，美国的大学和文化，还是没有大变。还是实力很强。可以说是强社会，弱政府。当然，有的条件是成也是它，败也是它。例如美国民众的特质。,04/19
被问重启经济的指标是什么？特朗普指着脑袋：这就是>>O网页链接被问重启经济的指标是什么？特朗普指着脑袋：这就是,04/19
特朗普绝对不靠谱，那些无知无畏不怕病毒的民众上街游行，反对居家隔离，特朗普既然非常支持，脑子有病。,04/20
#耿爽三个例子回应美方要求中国赔偿#特朗普政府现在所有的举动，都是选举考量。他最大的愿望是连任，反华在美国有票，他一定高调反的，他不会考虑合不合理，有没有逻辑。等他选上再看，国际政治是讲实力比拳头的，打嘴炮都是打给自己国家的人看的。,04/20
《特朗普：“你对华友好！”拜登：“你才对华友好！”》特朗普18日还发推特称，中国“非常想要瞌睡乔”、拜登是中国的“梦想候选人”。O网页链接,04/20
世界疫情第三回:文在寅逆天改命，特朗普四处甩锅。安倍郎亡羊补牢，大印度危在旦夕。,04/20
《特朗普：“你对华友好！”拜登：“你才对华友好！”》特朗普18日还发推特称，中国“非常想要瞌睡乔”、拜登是中国的“梦想候选人”。O网页链接,04/20
《美疫情失控，特朗普将成美国第一个入狱总统？美国政府颜面扫地》美疫情失控，特朗普将成美国第一个入狱总统？美国政府颜面扫地O网页链接,04/20
东方卫视驻美记者张经义沉潜数日终现身：我问心无愧，公道自在人心！不知道大家是否对张经义有所了解，张经义是中国台湾人，之前供职于凤凰卫视驻美国记者，后来供职于上海东方卫视驻美国记者，属于编外人员，在前些天，他问特朗普问题时，特朗普问他来自哪里？(并没有问是来自哪家电视台或国家地区)，张经义回答的是来自台湾，特朗普也没继续问下去。因为张经义这样的回答，直接把其推上了舆论的高峰，大陆网友骂他，说他应该回答中国台湾或者中国上海东方卫视，不能直接回答台湾；台湾网友也各种骂他，表示你竟然在大陆电视台工作，台湾当局要惩罚他，罚他款，说他竟然在大陆的事业单位工作，台湾很多媒体打他电话，后来特朗普表示要把他踢出白宫记者团，种种事情让张经义身心疲惫，张经义为此而关掉手机“失踪了”。关注@热门表哥观看更多热门视频L热门表哥的微博视频,04/20
转发【特朗普被蒙在鼓里！州长筹备秘密航班，运输从中国买的数百万口罩】O特朗普被蒙在鼓里！州长筹备秘密航班，运输从中国买的数百万口罩,04/20
我分享了【特朗普下令美企全部撤离后，中国的损失有多大？耿爽给出明确答复】，快来看吧|O网页链接,04/20
【#耿爽三个例子回应美方要求中国赔偿#：#美国的敌人是病毒不是中国#】外交部发言人耿爽20日主持例行记者会。有记者提问说，特朗普在19日的白宫新冠疫情简报会上称，仍希望调查人员去中国调查新冠疫情。他周六还警告称，如果中国明知疫情扩散，可能“需要承担责任”，还有一些美官员要求中国为美国疫情赔偿。中方对此有何评论？耿爽表示，病毒是全人类共同的敌人，可能在任何时间、世界上任何地方出现。中国同世界其他国家一样，都受到了病毒的攻击，是受害者，不是加害者，更不是病毒的同谋。面对重大的公共卫生危机和传染病威胁，国际社会应当团结协作同舟共济，而不是相互指责，甚至叫嚣什么追责、索赔，我不记得国际上有过类似的做法。耿爽说，2009年，H1N1流感在美国大面积暴发并蔓延到214个国家和地区，导致近20万人死亡，有谁让美国赔偿了吗？上个世纪80年代，艾滋病首先在美国发现并蔓延至全世界，不知道给世界上多少人造成痛苦，有谁找美国追责了吗？另外，我刚刚看到，新加坡国立大学教授马凯硕接受采访时表示，2008年发生在美国的金融动荡，雷曼兄弟公司破产，最终演变成全球的金融危机，有谁要求美国为此承担后果了吗？耿爽表示，美国的一些人必须要清楚，他们的敌人是病毒，不是中国。国际社会只有同仇敌忾团结合作，才能战胜病毒。一味地攻击抹黑他国，不能挽回浪费的时间和逝去的生命。我们希望美方的这些人尊重事实、尊重科学，尊重国际公论，停止对中国的无端攻击指责，停止发表不负责任的言论，多聚焦国内抗疫，多推动国际抗疫合作。L人民视频的微博视频O美方有人要求中国为疫情赔偿，耿爽连举三个例子，“有谁让美国赔偿了吗”『美方有人要求中国为疫情赔偿，耿爽连举三个例子，“有谁让美国赔偿了吗”』O美方有人要求中国为疫情赔偿，耿爽连举三个例子，“有谁让美国赔偿了吗”,04/20
中国特朗普的真正的终极背锅侠即将到来！！L环游6868的微博视频,04/20
#纽约州州长称纽约州疫情开始缓解但不可轻言复工#又一个让纽约去死的总统？纽约市长援引福特时期报纸批川普见死不救。报道称，纽约市市长白思豪周日抨击特朗普，称总统未能推动为帮助纽约市应对冠状病毒经济危机而额外提供数十亿美元的联邦援助，这是对他的纽约同胞的背叛。白思豪引用了1975年臭名昭著的小报标题——“福特对纽约市说：见鬼去吧”，当时的总统杰拉尔德·福特拒绝援助纽约免于破产。他说，“我清楚地记得上世纪70年代，你的一位前任杰拉尔德·福特在财政危机期间不愿帮助纽约市。”“有一篇著名的《每日新闻》封面报道说，‘福特对纽约市说：见鬼去吧。’”“总统先生，您是要拯救纽约市还是要让纽约市去死？”白思豪问道。附原文（已翻译）：O网页链接,04/20
#美国疫情##英国疫情##全球疫情#美国竞选拉开战幕，特朗普：你对华友好！拜登：你对华软弱！不抱任何幻想，抹黑中国、遏制中国是美国两党唯一的共识，以实现长期世界霸权。所以谁当总统都一样，所以我们不如放轻松，权且当做看两条狗打架吧，免不了瞎叫狂咬。,04/20
这段时间钟南山和张文宏真是火力全开，为了与外界恶势力抢夺科学话语权不遗余力，值得尊敬。上海新冠肺炎医疗救治专家组组长张文宏教授在视频连线欧洲时称：“人类文明史上，没有一次传染病的控制是通过群体免疫的，所有没有建成群体免疫的病，每年过段时间都要来。#特朗普称美国新增病例峰值已过##美国疾控中心称将继续与世卫组织合作#L投资伯乐的微博视频,04/20
原油这么便宜，要不，特朗普小范围地区战争来一个？刺激一下？,04/20
【纽约市长灵魂拷问特朗普：你是要拯救纽约还是让它去死？】#纽约市长称多次向联邦政府求援未果#当地时间4月20日，受疫情影响，各州预算吃紧而求助联邦政府。纽约市长白思豪在记者会上再度喊话特朗普，不要对此一言不发，“现在我要挑战撬开你的嘴。”白思豪表示，“我可能是史上第一个挑战让特朗普对此发声的人。”（燃新闻）L燃新闻的秒拍视频,04/21
默克尔不同于特朗普和蓬佩奥，是那种看着就很靠谱、很让人放心的人，如果默克尔也这样说，我真有点怀疑难道西方情报界真得到什么消息了？,04/21
#美国疫情#特朗普和英国首相鲍里斯约翰逊通电话，双方承诺继续共同努力加强美英的双边关系，包括尽快签署自由贸易协定。,04/21
【特朗普：分担驻韩美军军费韩国提出一个数额，我拒绝了】当地时间4月20日，美国总统特朗普在白宫新闻发布会上表示，他拒绝了韩国提出的一个军费分摊方案，理由是因为韩国很富有，应该为“我们在那里所做的大部分工作”买单。特朗普说，“他们提出给我们一定数量的钱，我拒绝了。”他还说，“我们所保卫的是一个非常富有的国家，他们制造我们使用的电视机，造船，什么都造。”目前，约有2.85万美军驻扎在韩国，韩国和美国在驻韩美军军费分摊方面的谈判陷入僵局。L这视频的秒拍视频@这视频,04/21
#凤凰新闻#分享凤凰新闻：特朗普：欧佩克减产拯救了美国，但油价崩盘将至美国千家企业破产O特朗普：欧佩克减产拯救了美国，但油价崩盘将至美国千家企业破产来自@凤凰新闻客户端#琪哥带你看世界##琪哥带你去旅游#,04/21
很多事情都是有口难辩的。美国死了4万多人，所以他就一口断定武汉死4千多人一定假的，你根本没法跟他讲理。央行使劲放水，但就是不让你买房，你给谁说理去？美国80多岁的福奇Fauci医生让人居家隔离，嗓子都喊沙哑了，美国人却游行高喊要特朗普炒了他，可怜的老头儿又找谁说理去？,04/21
我免费围观了@卢麒元的回答，问题价值100.00元，快来一起围观~O微博问答,04/21
【特朗普下令制定为石油和天然气公司提供资金的计划】美国总统特朗普在推特上表示，他指示美国能源部长和财长制定一项计划，为石油和天然气公司提供资金。特朗普说，美国将提供资金，“以让这些非常重要的公司和工作在未来很长一段时间内得到保护！”,04/21
华为会抗辩！任正非:不能美国司法部说什么就是什么任正非：2019年我们取得很大成功，首先要感谢特朗普先生。因为他在全世界有那么高的威望，他那么重视华为，本来很多人不知道华为，或者将信将疑，特别是中国也有一部分人不相信华为，觉得华为是（分享自@网易科技频道）O华为会抗辩！任正非:不能美国司法部说什么就是什么,04/21
没有主权的国家有多憋屈？看看韩国就知道了。美国几万军人驻扎在韩国的国土上，欺负韩国的女性、藐视韩国法律、韩国不但管不了，还得像供祖宗一样供着美国。得出巨资给美国修建营地、给他们提供最好的生活条件、还得给美国的军人开工资。对于驻韩美军军费的分担，特朗普说韩国必须多承担点，韩国虽然心里不满意，但又不能拒绝…美国虽然说是在保护韩国，但一旦开战首先灭亡的首先就是韩国，文在寅心里苦啊，但又无可奈何…,04/21
分享网易新闻《当特朗普宣布暂停缴费后，比尔·盖茨再次向世卫组织捐款1.5亿美元——再次认识比尔·盖茨：世卫组织第二大捐助者》O当特朗普宣布暂停缴费后，比尔·盖茨再次向世卫组织捐款1.5亿美元——再次认识比尔·盖茨：世卫组织第二大捐助者来自@网易新闻客户端#网易新闻#,04/21
特朗普又说胡话——中国新冠死亡人数一定最多L拜仁雄狮的微博视频,04/21
【普京暂无与特朗普对话计划】俄罗斯总统发言人佩斯科夫说，目前俄罗斯总统普京的日程中尚无与美国总统特朗普进行电话交谈的计划。佩斯科夫说：“到目前为止还没有这样的计划。但我现在也无法告诉您下午三点、六点会发生什么。一切都会改变。”他说：“所有决定都是很快做出的，但现在还没有这样的计划。”新闻来源：O网页链接#俄罗斯#俄罗斯#俄罗斯新闻##俄美关系##特朗普##美国#,04/21
兰州微聚焦【福奇又和特朗普唱反调：不控制住疫情经济无法复苏】　　[文/观察者网齐倩]确诊病例逼近80万，死亡病例超4万，新增病例每日都以超万例的速度激增……即便如此，部分美国民众却不满于“居家令”，高喊“开除福奇”、“还我工作”等口号上街集会。　　面对来自民众和特朗普政府压力，美国顶级传染病学家福奇在20日接受美国广播公司（ABC）采访时坚称，除非病毒受到控制，否则经济无法复苏；如果操之过急，抗疫努力会功亏一篑。福奇20日接受ABC采访，视频截图福奇20日接受ABC采访，视频截图　　当地时间20日，白宫疫情特别工作组成员、美国顶级传染病学家安东尼·福奇接受ABC《早安美国》节目采访。相较特朗普，他对于复工和疫情的看法要谨慎的多。　　节目中，主持人询问福奇：“全国多地示威频发，得州和其他地区甚至喊出‘炒掉福奇’口号。他们不满州政府的居家令，你对此有什么看法？”　　据美国约翰·霍布金斯大学实时统计数据，截至北京时间21日9点半，美国累计确诊病例已达786638例，即将突破80万大关，死亡病例则为42295例。　　美国多地却爆发反“居家令”集会，得州右翼示威者甚至喊出了“法西斯福奇”、“开除福奇”的口号。对于集会者无视社交距离以及群体感染的危险举动，美国总统特朗普却大加赞赏，甚至形容上述举动是“伟大、爱国”。　　作为传染病学家，福奇对于过早解除封锁并不认同。他在节目中告诉示威民众：“从经济学的角度来看，这（社交隔离措施）的确是有害的。除非新冠病毒得到控制，否则从经济上讲，真正的复苏将不会发生。”　　他随后警告道：“如果你操之过急，确诊病例情况会随之飙升，之前的抗疫努力将功亏一篑。因此，尽管遵循逐步分阶段复工的谨慎指导方针是痛苦的，但不这样做将适得其反。这就是问题所在。”　　特朗普上周发布指导方针，将允许各州州长“采取分阶段、慎重的方式”重新开放各州。根据《国会山报》统计，截至目前，大多数州已经列出解封时间表，其中多州将在4月30日解除“居家令”，佐治亚州则在周一开放了部分商业活动。福奇：不能操之过急，否则会功亏一篑福奇：不能操之过急，否则会功亏一篑　　福奇还在采访中回答了有关病毒检测和抗体的问题。他告诉主持人，抗体检测并未实现有效化和标准化，且尚未证据证实新冠病毒抗体与免疫力存在必然联系。　　关于疫情防控和重启经济问题，福奇与特朗普观点并不一致，他此前曾多次含蓄明确地对特朗普提出异议。特朗普则在12日转发了一条要求“炒掉福奇”的帖子，白宫方面随后否认。《华盛顿邮报》解读称，特朗普可能不是真的想炒福奇鱿鱼，但他经常经过通过转发他人言论，以表达对自己政府内部人士的看法。　　此外，世卫组织总干事谭德塞4月10日曾警告，过早取消“居家隔离”（Stayathome）等防疫措施将会导致疫情的“致命反弹”。与此同时，非洲等地区病例出现了“令人担忧的加速增长”。#兰州微聚焦##国际军事#,04/21
#海外抗疫日记#美国总统特朗普(DonaldTrump)表示，他计划签署一项行政命令，暂停移民进入美国。他声称，在新冠疫情蔓延之际，已严重损害到美国经济，这样做是为了保护美国本土的就业。,04/21
#特朗普点名哈佛大学还钱#哈佛很有钱，可以用大学里面最有钱形容，他如今有400亿捐赠基金，这个数字我在2015年看到的时候只有360亿。哈佛的资金常规渠道包括几个方面：1、校友捐款。哈佛是华尔街供货商，华尔街工作的人大多数来自于名校，其中以哈佛据首。哈佛提供的不是人才，而是人脉，而这些人脉为了体现自己的成功，都会回馈哈佛。哈佛每年10亿左右捐赠。老潘家不是也捐了笔……2、政府资助。就像NASA放火箭，订单给了马斯克。如果美国国家要科研，那么就会给大学提供经费，让他们研究基础科学等等。在美国拜杜法案之后，美国大学基本上不用自己挤出科研经费，企业+政府出资就解决了。3、赞助。搞一些课题报告，为游说政府打基础。4、研发专利所得。这部分哈佛不多，这部分最多的可能是MIT。哈佛还是文了点。5、投资所得。全球最牛投资基金来自美国大学。哈佛其中之一，1974年成立到2015年，哈佛基金的平均收益率达12.2%。历经滞胀时期、互联网泡沫、亚洲金融危机、以及其他不可预见、形形色色的市场风险。其依然屹立不倒。盈利两种途径，一个是的确在人文社科类领域，哈佛有专长，有专家，比如之前有一个数学模型。而另一个途径是通过哈佛的校友关系网络。被忘记了，哈佛是华尔街供货商。6、学费。本科生是用来生财的，读书交学费，毕业校友会，在学校和在社会都做贡献。研究生是用来打工的，为学术研究添砖加瓦。所以，哈佛其实不缺钱，但是美国政府在划定救助计划的时候，为什么没有把哈佛排除在外？补贴了半天最后救济了富人，那么美国老百姓当然骂街。所以在这件事上，特朗普是顺水推舟，但实际上，有钱还领了救济金的，又何止是哈佛一家。特朗普同学的母校，宾夕法尼亚大学获得了990万美元，要知道救济金上限1000万美元，那是几乎顶格了。特朗普为什么不算算宾大的帐。宾大可牛了，资产规模138亿。要知道这个大学还掌握着全球部分锂电池的基础专利，和日本NTT打过官司。,04/22
#伊朗成功发射首颗军用人造卫星#这不是给特朗普胃里灌醋精吗！,04/22
美国第一个州正式起诉中国，密苏里州总检察长宣布以“隐瞒疫情”为由，起诉中国政府与湖北政府。原来是竞选需要。一项美国最新民调显示，拜登的支持度为54%，比特朗普的46%高8个百分点。为了淡化疫情，对付竞争者拜登，特朗普利用自己控制的密苏里州、率先发起了对中国的起诉。如此看来，美国政坛可谓流氓当道。#研究称美新冠早期死亡被低估##耿爽回应美密苏里州起诉中国#L茂哥日记的微博视频,04/22
美国现在流氓政治当道，民主党帮共和党一起打造了“中国威胁”，煽动了美国社会对中国的敌意。现在特朗普祭出“追责中国”的竞选大旗，一下子带走了民主党要为抗疫失利“追责特朗普”的节奏。民主党吃了哑巴亏，拜登很可能被白宫射向中国的三支毒箭兜个圈子后射死。L胡锡进的微博视频,04/22
【如果追责中国变得轰轰烈烈，特朗普射向中国的箭将把拜登杀死】特朗普团队成功动员起了美国舆论，形成了在美国“追责中国”的大氛围。民主党无法大规模阻拦这种攻击，但它又不能把特朗普抗疫不力的责任从对中国的攻击中剥离出来。如果追责中国变得轰轰烈烈，特朗普将稳步连任，他射向中国的箭将把拜登杀死。LGlobalTimes的秒拍视频,04/22
【#特朗普点名哈佛退还疫情拨款#，哈佛：将全部发给有需要的学生】美国总统特朗普4月21日在白宫新闻简报会上表示，他将要求部分大型企业和机构归还新冠病毒刺激计划的资金，其中包括哈佛大学获得的860万美元疫情拨款。#全球疫情权威播报##海外抗疫日记##快鱼快报##零售地产#哈佛表示，与大多数学院和大学一样，哈佛大学接受了高等教育紧急救济基金，并承诺基金的100%将用于直接援助因新冠疫情而受到经济影响的学生。L老板联播的微博视频,04/22
《80秒看特朗普6次出尔反尔：我没说过！》此视频已有34万人围观，快来加入！O网页链接,04/22
“钢铁侠”马斯克置评美国总统特朗普关于“正研究一份计划，以帮助防止石油产业丧失就业岗位”，称：那不会是最好的“花钱方式”。特斯拉TSLA,04/22
#量化对冲基金#市场消息：特朗普表示，因为有错误的引用，美国疾控中心主管将发表声明。纽约联储市场负责人辛格：这是自2008年以来我们所见过的最极端的市场波动水平。,04/22
搜狐新闻:【美原油三次熔断，三大美指重挫！特朗普疾呼重新开放国家救市！】O网页链接（分享自@搜狐新闻客户端）O网页链接,04/22
特朗普宣布美国暂停移民60天：优先让美国人在经济重启时找到工作L特朗普宣布美国暂停移民60天：优先让美国人在经济重启时找到工作,04/22
实时播报：“钢铁侠”马斯克置评美国总统特朗普关于“正研究一份计划，以帮助防止石油产业丧失就业岗位”，称：那不会是最好的“花钱方式”。,04/22
静静茶室#特朗普称美国经济可能走向衰退#特朗普除了口吐牛皮还会做什么？？？L锋者First的微博视频,04/22
“钢铁侠”马斯克置评美国总统特朗普关于“正研究一份计划，以帮助防止石油产业丧失就业岗位”，称：那不会是最好的“花钱方式”。,04/22
都说最近全球股市波动的核心是原油市场，那么显然可以直接得出一个结论：明天A股也要大涨。今晚海外市场已经涨了。要说原油市场大涨，最大的功劳还不是沙特、俄罗斯，也不是特朗普，而是我大中行。一顿风骚的操作，账户原油这个很少有人关注的产品，居然搅动了全球资本市场的暴涨暴跌，创造了前无古人的负油价。一般来说，市场的底部就是这样被砸出来的，可以遇见原油或将就此完成n年的大底。,04/22
晚上聊了下，原来老王知道我每天在微博阴阳怪气说他我之前一直以为他看不懂因为我觉得看懂的人应该会顺着网线来砍我没办法，特朗普还被人阴阳怪气骂呢，做了错事就得认道德洼地，对吧我可能也是需要不断去说才能从创伤里走出来，抱抱自己,04/23
希拉里竟然也曾有小鸟依人、深情仰望特朗普的时候。,04/23
搜狐新闻:【美国首例死亡时间提前至2月6日–美国要有大麻烦，佩洛西说过的“美丽风景线”在全美上演，美媒质疑特朗普煽动暴力】O网页链接（分享自@搜狐新闻客户端）O网页链接,04/23
特朗普指责中国隐瞒疫情中国驻法大使用特朗普这句话强力反驳美国在电梯里放屁，中国首先闻到味道，开始屏住了呼吸，欧洲也嘲笑中国，紧接着他们也闻到了味道，差点晕了过去。然后美国闻到了，向全世界喊道“这是中国放的！”最后大家低头一看，美国的裤裆都糊了,04/23
美国市长怒批特朗普后坠机身亡！期待真相！#记录世界记录你#L朔州融媒体快报的快手视频,04/23
#纽约州长称特朗普不喜欢自己#【崔娃专访纽约州长科莫：特朗普不喜欢我，但我们的会谈很愉快】当地时间22日，美国知名主持人崔娃视频采访了纽约州长安德鲁·科莫。科莫称，特朗普不喜欢自己，不过他与特朗普虽然政见不合，但仍然举行了很积极的对话，并且基本上分配了任务。L海客新闻的微博视频,04/23
最近我爸一看不惯我，就说我跟特朗普一样，脑子不正常。无所谓我把“我和我爸妈观念不一样”当成很自豪的事，简直可以做成荣誉勋章，挂起来放墙上展示。,04/23
水星情报搜集处#广州排查13.87万人发现185名感染者#疫情还没有完全解除，一定不要掉以轻心，防护措施要做好，出门戴口罩勤洗手不去人多的地方。#美国疫情#美国的疫情真是有够严重了特朗普还不把他当回事儿采取进一步防疫措施吗,04/23
原油暴跌，中国出击！84艘全球最大船队直扑海湾石油作为工业的血液，是任何工业国都不可忽视的宝贵资源，充足的原油储备也是极为重要的。近期，由于沙特和俄罗斯展开激烈的石油价格战，导致全球原油价格暴跌30%，这对于东方大国来说简直是天上掉金砖一般的喜讯，足以让人两眼放光芒。作为全球最大原油进口国，中国必须出击！据最新消息显示，面对国际原油价格持续走低并创出历史冰点时机，中国果断出手，派出由84艘巨型油轮组成的全球最大运输船队开赴沙特，对其石油资源进行低吸。对此，不少国家只有望洋兴叹了。对此，大洋彼岸的美国也已经行动起来，尽管美国坐拥丰富石油资源，但出门不捡钱就算丢的贪婪属性，也让他们毫不犹豫的加入了抢油的行列。可是国外媒体却忽然发现，30万吨级的巨型油轮数量奇缺，土豪油霸沙特想租都租不到，而中国坐拥最大巨型油轮船队，共计84艘，目前已集体拔锚起航，直扑沙特港口而去。巨型油轮，全称为：VeryLargeCrudeCarrier，英文简称VLCC，是指载重吨位一般在20~30万吨之间的油轮，它不仅是海上巨无霸，更是目前最为实用的海洋运油载具，中国是目前VLCC最多的国家，拥有84艘。据中国海事融媒体的最新视频信息显示，一天前，全国各港口的VLCC集体拔锚，开始了抢油行动。媒体统计数据显示，到2020年4月份，全球VLCC租赁市场的缺口达到60艘之多，日租金更是从之前的每天10万美元猛涨到每天20.3万美元。可以这么说，不管中国的VLCC是参与抢油或是出租，这次都能赚的盆满钵满。面对此情此景，国外媒体不免发出感叹，中国提前战胜了疫情交出完美答卷，还赶上了石油暴跌的好时期，84艘VLCC的庞大实力将令其他对手相形见绌。言下之意中国将毫无疑问成为2020年开年的最大赢家。这对于长期饱受石油战略储备不足困扰的中国来说，绝对是一次翻身发大财的好时机。也许从另外一个角度来说，中国付出巨大代价换来的抗疫胜利，正在获得丰厚回报。据资料显示，每艘VLCC最大可运载200万桶石油，如果按照84艘的总数来计算，也就说，中国此次出击就能一次就运回大约1.68亿桶石油，将极大的补充之前的损耗，提高石油战略储备的安全线。所以，在这轮石油价格战结束之前，尽可能多的抢购低价优质石油，对中国极为有利。由于沙特的石油开采和运营成本很低，大约只有10美元/桶，而美国页岩油则低于31美元的话就要面临亏损。而且沙特并非一时兴起想打价格战，因此前特朗普施行了非常自私的政策，想用高油价发展美国的页岩油，来取代俄罗斯和沙特的石油出口大国地位，妄图依靠美本土丰富的页岩油资源继续维持石油美元霸权体系，抛弃沙特而不顾，所以这才导致油霸奋然起身阻击，这完全是美国自食恶果。可能这场斗争短期内不会结束，乐观估计油价在低位徘徊至少两个月，中国84艘VLCC开足马力的话，应该能跑两到三趟，为中国企业和战略储备部门抢运回至少3.3亿到5亿桶石油，将极大的提高中国的能源安全水平。作为世界上最大的石油进口国，国际油价下降将大大降低进口成本，符合中国的总体利益。中国每年的原油进口量已经突破5亿吨，进口依存度已经超过70%并仍在继续增长。从石油储备量上来讲，国际能源署（IEA）设定的一国石油储备安全标准线为90天，即要确保国家石油安全，一国的石油储备量需要达到过去一年90天的进口量。这意味着要达到安全范围，中国的石油储备需达到7.43亿桶左右。近年中国在原油储备方面投入较大，原油储备能力已超过3亿桶，但是仍然相对不足，战略石油储备还有一定的发展空间。,04/23
【特朗普下令美舰可向伊朗舰艇开火杜文龙：一触即发只等理由】美军近日称，11艘伊朗舰艇骚扰6艘美舰艇，最近处不到9米。美总统特朗普22日表示下令美海军，如再遇伊朗舰艇骚扰美舰，可向其开火。而同一天，伊朗宣布成功发射首颗军事卫星。特朗普是威胁还是真敢向伊朗舰艇开火？疫情之下，美伊对抗会否加剧？LCCTV4的微博视频@CCTV4#伊朗防长称已做好应对任何威胁的准备#,04/23
我在看：【诺奖得主痛批特朗普：让他领导抗疫，美国会出现第二次经济大萧条】#跟新浪看热点#O诺奖得主痛批特朗普：让他领导抗疫，美国会出现第二次经济大萧条,04/23
【#73岁特朗普委屈求关心#：我们对老人很照顾但没人照顾我】4月22日，特朗普召开每日疫情发布会时被问是否将提高养老院检测率，他称，从华盛顿州养老院暴发后就知道养老院将成为疫情中心，已经加强了检测。目前，全美养老院中至少3.6万人感染新冠（含医护）。他委屈表示，大家对于除了他以外的老人都非常照顾。L世面的秒拍视频,04/23
特朗普在大选关键3州支持率低于拜登，连任还有没有戏？（分享自@网易新闻）O网页链接,04/23
#新浪看点#美国疫情全球第一，特朗普仍暂停移民入境，是否多此一举？O美国疫情全球第一，特朗普仍暂停移民入境，是否多此一举？,04/23
《翻脸比翻书还快！美媒盘点特朗普称赞中国的时间线：至少赞扬37次》美国总统特朗普近日批评世界卫生组织“以中国为中心”，未能“客观地评估疫情”，并频频将矛头指向中国。O网页链接,04/23
特朗普：暂停赴美移民美国民众：我们自己也不是这块大陆的原住民老人言：美国是被称为“种族大熔炉”的典型移民国家，其移民历史最早可追溯到1620年。美利坚民族已成为由100多个民族组成的混合体，“自由女神像”和“川普家族”都是移民过去的移民造就了美国，但今天“特式移民”却害了美国和美国民众,04/24
【因称秋冬第二波疫情更严重#美疾控中心主任被迫改口#】美国疾控中心主任雷德菲尔德日前在接受美媒采访时称，美国在今年秋冬时节可能会迎来第二波新冠肺炎疫情，而且形势可能会比现在更严峻。对此，美国总统特朗普于当地时间22号早上在社交媒体发文强调，媒体没有把雷德菲尔德的话引述准确，但雷德菲尔德则称，报道引述的内容是准确的。据路透社报道，白宫22号要求雷德菲尔德参加疫情发布会澄清其言论。LBTV晚间新闻报道的微博视频,04/24
#特朗普称质疑阳光抑制病毒的记者是假新闻#【美媒记者当场质疑“阳光抑制病毒”，特朗普：我是总统，你是假新闻！】#记者质疑特朗普所提新疗法遭回怼#《华盛顿邮报》记者菲利普·拉克再次就国土安全部官员提到的“新冠病毒暴露于高温和潮湿（环境中）可能被抑制”的观点表示质疑。“尊敬的总统先生，民众正在收看简报会，他们想要获得信息和指导，想知道该怎么做，他们不是在寻求谣言。”拉克称。紧接着，特朗普说：“嗨，菲利普，我是总统，而你是假新闻。知道我会对你说什么吗？我会很客气地对你说，因为我很了解你。我认识这个人（菲利普），我看过他写的东西。他是个彻头彻尾的骗子。”全文：O美媒记者当场质疑“阳光抑制病毒”，特朗普：我是总统，你是假新闻！L环视频的微博视频@环视频,04/24
#玩家爆料##美暂停对世卫组织供资违反会员国义务#【特朗普建议向人体注射消毒剂，滴露公司紧急澄清】当地时间4月23日，美国总统特朗普建议，专家们应该研究一下是否有办法将光和消毒剂注入人体，作为杀灭新冠病毒的新方法。在特朗普提出向人体注射消毒剂的建议后，Lysol和滴露(Dettol)的制造商英国利洁时公司(RB）很快发出警告称，人类食用消毒剂产品是非常危险的，“在任何情况下，消毒剂产品都不能(通过注射、摄入或任何其他途径)进入人体。”该公司表示：“我们有责任按照公共卫生专家的建议，向消费者提供准确的、及时的信息！实在是笑死了L潮州玩家的微博视频,04/24
#特朗普决定不再使用中国病毒说法但对此之前措辞并不后悔#记录世界记录你#首先来说，第一，这个病毒并没有真正确定下来，它是来自于哪里，任何人不得信口胡说八道第二，当这个病毒确定下来了，如说乃是天灾，谁都无可奈何第三，若是查明是人为有意制造出来了，它将负全部责任第四，这个病毒不管来自于哪里，如说不是人所制造出来的，乃是由任何物种传播出来的，谁都不用为此负任何责任，乃自然之祸如上所说是否明白，看人类逼逼扯扯的一大堆，有用么，一群蠢货。L南丰县融媒体中心的快手视频,04/24
#腾讯新闻#外国那些事:【噗！美国布道者吹“上帝之风”灭新冠病毒】4月初，美国电视布道者肯尼思•科普兰在节目现场，向新冠病毒吹出“上帝之风”，大呼让病毒“永世不得超生”。他还“召唤”热（heat）烧死病毒，让其跪地求饶，现年83岁的科普兰身家数亿美元，是特朗普竞选总统期间召集的福音派执行顾问委员会成员。他呼吁信众向其教会捐款以获得“一百倍的回报”。但他用捐款买豪宅、私人飞机等，引发极大争议。O腾讯新闻·热推来自@腾讯新闻,04/24
#1061应急广播#美国约翰斯•霍普金斯大学实时统计数据显示，截至北京时间24日19时31分许，全球新冠病毒感染病例超272万例，死亡病例超19万例。美国确诊近87万例，美国总统特朗普认为，最糟的情况会在夏初结束；欧洲多国谨慎“解封”；新加坡外劳宿舍疫情持续蔓延；中东多国进入斋月，防疫面临新挑战。O美16州发布重启经济计划，特朗普称最糟的情况会在夏初结束,04/24
(特朗普，心态彻底崩了！创业财经汇)O网页链接美国和中国不一样，基层是按周发薪。每周都得发，一周不发就断供，信用卡、房贷一起跟着断。这也就扯出了美国另一个麻烦事，美国的金融业，这才是一个大雷。美国金融业非常发达，民间也有非常发达的融资机制。但正如所有系统那样，越精细的系统，容错反而越不行，越容易出事。就好像诺基亚可以敲核桃，但你拿你的苹果手机试试？美国也一样，金融系统巨复杂，有大量的金融衍生品，相互影响，而且风险会累积放大。比如2008年，美国人把老百姓的房贷做成理财产品出去兜售，但在这个理财产品上还做了无数的金融衍生品，再在金融衍生品上做金融衍生品。这类似于一个倒置的金字塔，那个塔尖就是美国人的债务，稍微有点违约就出大事，,04/24
特朗普的打算：美国防疫储备物资紧缺，所以联邦（就是特朗普政权）和各州抢口罩等防疫物资，特朗普的打算是：今年是大选年，除了连任，其他的都靠边战，那么什么时间发放物资很重要，以选举预热时期发放最为有效，那么就是在9月左右发放，前提是要有物资发放才行，可库存为零，自己生产根本满足不了需求，中国的产能已排期到下半年，那么该怎么办？只剩下一个：抢！向谁抢？一向外，二向内，向外就是敲敲台湾，榨榨韩国，还有半道加价打劫飞机✈️，向内就是和各州抢，特朗普的原则是“只要我能当好人，其他人的死活与我无关”，于是现在就一方面向外向内四处甩锅，拖延时间，另一方面抓紧时间抢够能购买到选票的防疫物资。这就是特朗普的小算盘，也就能解释目前特朗普的所做所为了,04/24
#美疫情或追溯至12月#美国加利福尼亚州圣克拉拉县卫生部门官员透露，近日验尸官解剖了三具生前流感症状遗体，分别于2月6日、2月17日、3月6日在家中死亡，结果均感染了新冠病毒。这三名死者都没有去过中国。可是，哪怕最后调查发现，美国是最早新冠疫情起源地，那又如何？谁能比特朗普更会甩锅呢？L倾听指尖的微博视频,04/24
"【独家专访马丁·雅克：生死时刻，别让话题大王决定你的命】英国著名学者马丁·雅克，在与@田薇_TianWei的专访中表示，美国特朗普政府此前宣布暂停对@世界卫生组织的资金支持，说明了很多问题：关键时刻，把国家的整体利益和世界抗疫合作放在一边，一味关注某些群体利益，“甩锅”责任，这种情况万分危险。雅克认为：美国的抗疫工作，在联邦层面缺少领导，地方之间缺乏协调，这已经威胁到了美国人的健康，有人已为此丧命。美国作为世界第一大经济体和对国际合作具有强势影响力的国家，明确不支持全球抗疫合作，这也威胁到世界上所有人的健康。""Trumpshowsyouhowdangerousitis,ifyouhavethepresidentoftheUnitedStatessimplyplayingtoasectionoftheAmericanpopulation,""saidBritishScholarMartinJacquesabouttheU.S.administration'sdecisiontohaltfundingforWorldHealthOrganization.#疫观天下#LCGTN的微博视频",04/24
不确定性是第三个因素——信任的绊脚石。信任让领导肆无忌惮地做隔离和保持社交距离的困难抉择，比如关闭学校。在伊朗，已经很长时间不得人心的政府很可能掩盖死亡和病例。这就是反叛的神职人员会拒绝关闭圣地的原因，即使他们传播传染病。（这不是找死吗？）没有什么比怀疑政治家隐藏真相，更煽起流言和恐慌。当他们轻描淡写这个威胁，本想避免恐慌，最终到头来传播混乱，丧失生命。但是领导们已经尽力勉强接受疾病大流行和如何谈论它。尤其是特朗普总统，已经突然转变立场，从毫无事实根据的乐观主义到开始攻击他的敌人。这周，他宣布了一个30天的禁令对大部分欧洲旅行，这将很少减缓疾病在美国的传播。当人们目击亲戚朋友死亡时，特朗普将发现，这场疾病大流行不能作为阴谋硬塞给外国人、民主党派和美国有线电视新闻网。,04/24
特朗普的新闻发布会暴露出惊天秘密！4月20日，特朗普新闻发布会开始前，福克斯新闻主任：你可以脱下口罩了，因为USC说病毒死亡率在0.1~0.3之间。福克斯新闻技工：真的？这就让人放心了。不过这里的每个人都已接种了疫苗！如此惊悚的内幕！按疫苗至少一年才能接种，特朗普政府至少一年前就开始研发疫苗了，特朗普政府欺骗了全世界？#美暂停对世卫组织供资违反会员国义务##美疫情或追溯至12月#L茂哥日记的微博视频,04/24
【仅两成美国人“高度相信”特朗普的话？连共和党内部也质疑】虽然，美国总统特朗普一直将自己视作抗击疫情的日常发言人，但美联社NORC公共事务研究中心一项最新调查显示，鲜有美国人将其言论视为可靠信源。据美联社4月23日报道，在美国，仅有28%的人会从特朗普处“定期获取”有关新冠病毒的信息，23%的人表示对总统告知公众的信息“高度信任”。另外，有21%的人选择“适度相信”。（作者赵璐）全文链接：O网页链接,04/24
#美国疫情#【#白宫指责媒体断章取义特朗普言论#】特朗普的“注射消毒液治疗新冠病毒”言论遭到医疗专家的批评，生产商也警告不要注射。白宫新闻发言人站住来指责媒体，称媒体对总统的言论断章取义，“总统多次表示，美国人应该就治疗问题咨询医生，他在新闻发布会上再次强调了这一点，媒体不负责任地断章取义，制造负面新闻”。,04/24
#美国##新冠##特朗普数据#@观察者网新媒体人民币95亿美元。全球战疫日报丨美国确诊超90万，世卫组织启动“里程碑式”国际合作,04/25
美国俄亥俄州一家工业制造公司的总裁，在Facebook上发布了“新冠封城是政治手段”“关闭饭店和酒吧是狗屎政策”“比起新冠病毒我更怕蜘蛛”一系列言论后，不到1个月的时间，就因感染新冠死亡，享年60岁。#美国新冠肺炎确诊病例超89万例##新冠病毒已经暴发了19次所以叫COVID-19##美国首次发现宠物感染新冠##特朗普称注射消毒液的说法只是讽刺##耿爽警告蓬佩奥别想任意栽赃中国##因新冠病毒向中国提出索赔是绝不可容许的#,04/25
《继特朗普后，蓬佩奥也对世卫“开炮”，美国恐永久对世卫组织断供》O网页链接,04/25
欲哭无泪的卫生专家：天才建议注射消毒剂杀毒！后沙月光·2020-04-25·来源：后沙公众号.收藏（0）评论（）字体：大/中/小.WHO不配合美国栽赃中国，坚持科学原则，必须挨整。同样，美国专家不配合特朗普的“奇思妙想”，也要被开除。,04/25
今年一定要控狗控蚊等病毒的防控，疯狗在位，又逢子午年，别不相信。你们看看特朗普的生辰八字。就应该知道。任谁也阻止不了他总统的职位，也无法阻止他已经掌控控制美国核心军事力量，以色列9900特种部队多年就是为计算预演世界环境，配合制造疫毒与战争的计划实施。因此美国多次针对中国海域以及领空的试探，其实是取得水文以及大气流的数据。综合实施应该在夏天以及台风季节。破局：全国范围，重点应该在东北亚。主动预防，无主流浪狗处理，有主狗公安局领狗证，修改刑法，狗咬死人以及伤人，狗主人承担杀人罪以及伤人罪入刑。别出了事推卸责任给禽兽。蚊子类传播，可以提早防疫滋生蚊子的场所。也要防止他们的飞机空中利用风向撒播，带菌蚊虫卵，蝗虫卵等。子午局，六仪戊。疫情控制好，国内不会乱。疯狗无处可咬，敌人自然无计可施！,04/25
#特朗普称注射消毒液的说法只是讽刺#关于“注射消毒剂治疗”，特朗普又解释了一遍，顺便怼记者：我这么说就是为了讽刺你们这样的记者。L辽宁共青团的微博视频,04/25
真TM一个天才！L央视新闻的微博视频,04/25
【攻击拜登“亲中”后，#特朗普被曝欠中国银行巨额债务#，2022年到期】美国大选临近，即便疫情当前，特朗普和拜登依旧针锋相对，把中国议题当作选举筹码互相抹黑。但就在双方相互抨击“对华软弱”时，媒体发现特朗普和拜登都在和中国做生意。当地时间4月24日，美国政治新闻网“Politico”（欧洲版）报道称，在指责拜登之子与中资合作后，特朗普被发现欠了中国银行数千万美元。这笔欠款将在2022年到期。（观察者网）,04/25
#春季健康大作战##特朗普称注射消毒液的说法只是讽刺#特朗普23日暗示，也许可以注射消毒液来抵御新冠病毒！我建议特朗普，据说56度可以杀死病毒，不如用100度的开水做治疗吧，估计也会死得比较快！#科普大作战#,04/25
特朗普新闻发言竟然说把消毒液注射到患者体内来消灭病毒，一个美国总统竟然无知到这种地步，也是醉了，美国这是要退居二线啊。,04/25
【特朗普推荐注射消毒剂治新冠后#纽约18小时报告30起接触消毒剂案件#】当地时间4月24日，纽约每日新闻网报道，特朗普推荐注射消毒剂治疗新冠肺炎后，纽约出现大量相关报案。纽约市卫生局中毒控制中心发言人称，18小时共处理30例可能接触消毒剂报告。去年同期仅处理了13起类似案件，今年明显上升。@时间视频L时间视频的微博视频,04/25
【#纽约毒物控制局求助电话翻倍#】当地时间25日，纽约当地媒体引用市政府数据称：特朗普称注射消毒液可能会杀死新冠病毒后，纽约市毒物控制局在18小时内接到30通求助电话，其中9例关于消毒剂，10例关于漂白剂，11例为其他家用清洁剂。去年同一窗口期，该中心仅接到13例电话，无一例与消毒剂相关。（央视记者徐德智）,04/25
特朗普：流感每年死亡36000人！现在你告诉我要停工？你认真的吗？L写下关于你的不孤单的微博视频,04/25
"#微鲤#特朗普建议""注射消毒液杀死病毒""多...<p>【多国专家表示#特朗普注射消毒剂建议危险愚蠢#】针对特朗普“是否能向肺部注射消毒剂”的言论，包括美国在内的多国医学专家坐不住了：“太荒谬了，人类生物学基础知识居然如此浅薄，悲哀！”“这是...@微鲤APPO网页链接微鲤聊出美好生活",04/25
【#纽约毒物控制局求助电话翻倍#】当地时间25日，纽约当地媒体引用市政府数据称：特朗普称注射消毒液可能会杀死新冠病毒后，纽约市毒物控制局在18小时内接到30通求助电话，其中9例关于消毒剂，10例关于漂白剂，11例为其他家用清洁剂。去年同一窗口期，该中心仅接到13例电话，无一例与消毒剂相关。（央视记者徐德智）,04/25
#凤凰新闻#分享凤凰新闻：布拉德·皮特扮演“美版钟南山”对特朗普猛烈“开火”O布拉德·皮特扮演“美版钟南山”对特朗普猛烈“开火”来自@凤凰新闻客户端,04/26
美国今天新冠病例累计接近100万人，造成这样大的灾难(这也是美国优先的一个内容)，美国政府和支持政府消极抗疫的那一波人，绝对要负主体责任。我认为美国人民可以做好准备，那就是将来如何审判以特朗普为首的美国政府。,04/26
特朗普建议:肺部注射消毒剂来消灭新冠......病毒学家一脸生无可恋的表情hhhhhhh微博视频,04/26
童鞋群里有不同的观点才有乐趣啊。这是民主社会的典型表现，相当于是民主党与共和党之争，尽管明明知道争论取胜当上总统也不过最多八年，但是总是不厌其烦的去争这个总统宝座。不就是为了图个乐吗？特朗普只拿一美元的工资，还要倒贴自己的家财。你说他当总统，不是图乐，还图啥呢？,04/26
我是真的佩服，你们这些给特朗普洗地的人怎么想的啊？没有一点脑子吗？义务教育丢了？基本常识都没有？洗地角度清奇。要是打钱了我就相信，毕竟我潜意识觉得人不可能这么蠢。是有效，有效到人和病毒一起完蛋。,04/26
#武汉#我想为武汉市长鸣不平！疫情初期，网上有很多讨伐武汉市场抗议不利的消息，武汉市场也因此受到了处罚，我在这里想为武汉市长鸣不平。疫情永远不可能被提前预知，一个很简单的逻辑，一个疾病在没有爆发之前，谁知道他会爆发的？谁能下那么大决心？为了一个可能爆发，而且之前那么多年都没有爆发过的疾病，而决定封城？这会造成多么大的经济损失？这也是美国为什么疫情这么严重？特朗普还在要求重启美国。武汉市长在爆发的初期，就已经非常迅速的做出了如此铁血手腕的措施。对疫情的防范不止在中国，在世界上来看也是特别有先见的壮举，可以说前无古人后有众多效仿者。@新闻晨报@头条新闻@央视新闻@新浪新闻@澎湃新闻@燃新闻但是他却被辞职了，可见因为舆论影响政治是一件多么荒唐的事情。,04/26
令内外推墙党最意想不到的事情，有两个，其一，是中国老百姓对党是真爱，这是牠们的颜革的最大阻力，本来是万事俱备只欠东风，可能各种叶利钦都已经培养好了，公知集团早已经遍布全国，但是牠们无法跨越老百姓这一道防线，这就是牠们痛恨老百姓的地方。其二，是特朗普的一系列骚操作，让美国积几十年的努力毁于一旦，贸易战的操之过急，香港骚乱的反面教育，疫情初期的冷血旁观，现在的甩锅，都让中国老百姓进一步认清了美国。改开之后美国花了无数金钱建立的美国形象基本上在大陆人民心目中坍塌了。,04/26
【盘点#与特朗普同台者表情合辑#：震惊、无奈、假笑、憋笑】特朗普在公共场合经常说出一些出人意料的话来，而当时特朗普身边人听到这些话的反应或惊讶、或无奈、或憋笑。也许关注特朗普身边的人，远比观察他本人更能说明问题。@时差视频L时差视频的微博视频,04/26
【令人不解的是，特朗普“演砸”了，民众也没有把他怎么着！】中国“选贤任能”，看重的是一双“灵巧的手”。美国选举“表演天才”，看重的是那张“灵巧的嘴”。这种差异，也就算了，不便比较！令人不解的是，特朗普“演砸”了，民众也没有把他怎么着！要是在中国，我们的官员象特朗普一样奇葩、不靠谱，置民众身体健康于不顾，满嘴跑火车，民众、媒体还是上司谁能宽容？恐怕早“下课”了！,04/26
美国首富和美国总统杠上了，比尔·盖茨砸巨资和特朗普对着干O网页链接,04/26
"#奇点防务##国际军事#【美国再次主动挑事,目标盯上核武,二号强国态度明确:绝不妥协】此前，自从美国退出了中导条约之后，特朗普一直希望建立一个新的军控条约来限制他国，于是美国再次主动挑事目标盯上核武，而实际上此次美国最希望的就是将俄罗斯的超高音速武器纳入限制范围L霹雳火军事的微博视频",04/26
给特朗普同志加鸡腿,04/26
静静茶室#特朗普称美国经济可能走向衰退#这是怎么样一个国度？心疼比尔盖茨两分钟L锋者First的微博视频,04/26
#图图说电影#O这部被特朗普diss的电影到底讲了什么？,04/26
特朗普罕见缺席发布会民众对其不信任当地时间25日晚间，美国总统特朗普没有参加当天的白宫疫情简报会。美国政治新闻网站Politico25日分析称，此举或是因为白宫团队担心特朗普过于频繁出现在媒体上特朗普罕见缺席发布会北上资金重点加仓44股O特朗普罕见缺席发布会北上资金重点加仓44股,04/26
看到以下言论-这是谁快给我科普下-天哪，堂堂二代团大(团名字，成员名字)都有人不认识吗/追韩圈的能不认识吗/说不认识的是05后吧/留下了时代的眼泪。。。所以，是个人都得知道你哥吗，你哥好屌哦屌的过特/朗普哦，全世界人都得知道我不知道你哥我还犯法了惊讶个屁,04/27
【特朗普被怒怼是个叛徒，大批美国人公开反对，决不允许迈出这一步】最近特朗普再次迈出罕见一步，一向对头号对手俄罗斯恨之入骨的他竟然扬言要向前者支援一批呼吸机，很可能是报答前不久俄罗斯为美国带来医疗物资的恩情。#独孤九舰##军事#L诸葛小彻的微博视频,04/27
#小伙过世两个月突然破土而出#哑巴张口医学奇迹估计是特朗普用消毒水治的#肖战发声##抵制劣质艺人肖战##抵制失格偶像肖战#,04/27
焦点坊谈“治国”推特哪里来？特朗普有时候在床上LAmor蓝色妖姬的微博视频,04/27
“1号病人”爆出猛料！今天，特朗普或被扯下遮羞布！O“1号病人”爆出猛料！今天，特朗普或被扯下遮羞布！,04/27
美放纵病毒趁机洗劫全球，中国秘密王牌出山破局—特朗普及其党羽依旧没有对防控疫情做任何实质性的工作，看似无限QE、2万亿规模的刺激，在拯救美国，但真实情况是，这些资金基本都进入了美国股市和大公司的账户里，没有一分钱进入了救援民众的医疗领域！每一次的金融危机，以及世界性的灾难，美国政府就有了非常合理的理由和条件，给美国企业进行一次千载难逢的大补贴！O美放纵病毒趁机洗劫全球，中国秘密王牌出山破局,04/27
在纽约，卫生部门就说，在特朗普发布推荐18小时内，就收到了30例消毒剂中毒报告，比平时多了一倍多，而且，以前，利洁时消毒水中毒事件从未发生过……,04/27
金价ETFGLD决策分析：黄金跌破1710、原油暴跌近30%，都有原因！特朗普将有一场重要会面查看资讯->O网页链接,04/27
最近看特朗普的视频像看段子一样的。世界顶级手风琴大师当之无愧的，没有人比我更懂手风琴👌。观察者网做的视频质量属实不错，紧跟时事，幽默又有内容，顶一下哈。,04/27
美帝明面感染人数今天突破百万，这是个值得让人纪念的日子，大洋彼岸的生活还要继续，豫南的生活不能停息，静下心来，为了自己的生活打拼，歌照唱，舞照跳，美好的日子在向我招手，更加自律的人生从今天开始，希望那种莫名的恐慌感能驱散懒散！美帝人民这次是真的生活在水深火热之中，或许这就是特朗普总统曾经慷慨过的：这就是人生吧！对，这就是人生！哈哈哈哈😃😃😃,04/27
美国，白宫取消了今天的新冠疫情新闻发布会，这已经是特朗普大统领第三天不会在发布会那种地方出现了（想他），不过他还是会在当地时间下午4点举行的白宫活动中面对记者，白宫新闻秘书告诉记者，每日新闻发布会预计将于本周晚些时候恢复，但估计到时会有一些改变，不管怎么改，我只追大统领的剧！,04/27
❤️守望先锋小闪电⚡杭闪孤雪选手粉，猩猩拔刀所向披靡👉🏻🧡暖暖妈妈，虽然穷但是女儿一定要养🌸💛两只🐱的姐姐，一只英短银渐层叫肉肉，一只长得像特朗普的臭脸橘白加菲叫淼淼~吃货‖守望小菜鸡‖暖妈‖猫奴‖痴迷各种游戏,04/27
【忍无可忍！前CNN主持人节目中怒批好友特朗普：你辜负了美国人民】#特朗普遭老友喊话醒醒吧#4月19日，摩根在谈到他的老朋友特朗普总统时，也采用了同样的“火上浇油”的方式。他回到CNN接受“可靠消息来源”采访时说，特朗普几乎在各个层面上都“辜负了美国人民”。@燃新闻L燃新闻的秒拍视频,04/27
#特朗普称死亡人数降到10万算不错了#美国总统不发炎了，微博少了好多快乐,04/27
《漂白剂也能对抗病毒？特朗普真是病急乱投医，拜登怒斥其胡说八道》漂白剂也能对抗病毒？特朗普真是病急乱投医，拜登怒斥其胡说八道O网页链接,04/27
特朗普总统周一在记者会上扬言，有很多办法可以让中国承担责任，美国正在进行认真调查。这是特朗普第一次公开做出这样的表态！这场疫情是一面照妖镜，照出了美国治理上一些惊人的缺陷，也照出了美国顶级政治人物们毫无担当、私念当头的真实面目。唯一目标是主导大选前美国舆论场的话语焦点，最大化地煽动对中国的愤怒，确保美国政府自身责任的话题被最大化稀释，其他都不重要。在这样的政治氛围下，美国目前确诊人数即将突破100万，作为全球医学实力最强国家却成了疫情头号“暴发户”实在是个悲剧。,04/28
【简报会上特朗普平均花2小时攻击媒体和民主党人，45分钟吹嘘自己】根据两份报告的分析，在新冠新闻发布会上，特朗普总统通常会花约两小时攻击媒体和民主党人。根据对新闻发布会的研究，特朗普平均用45分钟来赞扬自己对危机的应对，而只给新冠大流行的受害者留下4.5分钟。《华盛顿邮报》和《纽约时报》都发现，每日新闻简报会由总统主导，留给医学专家的时间少得可怜。即便是负责白宫新冠特别工作组的副总统迈克·彭斯，也只有不到特朗普一半的时间，而他也把自己的大约60%时间用于漫无边际的谩骂。《华盛顿邮报》分析了自3月16日以来举行的35次简报会，发现总统在所有这些会议上发言超过28小时。4月6日至4月24日期间，特朗普发表了13个小时的讲话，是负责监督政府应对病毒工作的黛博拉·比尔克斯博士6个小时讲话时间的两倍多。美国联邦政府首席传染病专家安东尼·福奇博士总共只讲了两个多小时，而迈克·彭斯讲了大约五个半小时。特朗普出现在每日简报会上的举动引发了越来越多的争议，最终他要求医学专家研究消毒剂和紫外线是否可以作为治疗手段。周末，特朗普在推特上威胁要取消新闻发布会，并在推特上发布了一系列攻击媒体的愤怒推文，这让新闻发布会的未来蒙上了一层阴影。此前，总统在一场新闻发布会上与一名CNN记者发生了冲突，在仅仅22分钟后，总统就愤然离席。周一，美国的冠状病毒病例超过了100万，死亡人数超过了5.6万人。《华盛顿邮报》对简报会的分析还发现，特朗普在超过三分之一的时间里抢答了本该由别人回答的问题，包括已经被指定官员回答过的问题。当特朗普自己发言时，大约有30分钟被用来攻击民主党人。斥责媒体的时间持续了大约25分钟，提到州长的时间超过了22分钟。他花了大约45分钟的时间来赞扬自己和自己领导的政府，其中有三次播放了支持总统的视频。报道称，他只花了四分半钟的时间向冠状病毒受害者表示哀悼。特朗普的14%言论提到了美国的冠状病毒检测能力，12%的时候提到了美国的呼吸机供应能力。《纽约时报》周日发布了一份报告，回顾了自3月9日以来特朗普在新冠大流行期间说过的逾26万字。研究也发现，特朗普自吹自擂了600次，而表示同情或呼吁国家团结则有160次。《纽约时报》还称，特朗普至少使用了130个虚假或夸大的例子，总计约47分钟。尽管没有确凿的医学证据支持使用羟基氯喹来治疗新冠，但他的言论中至少有8次提到了将羟基氯喹作为一种有前景的冠状病毒治疗药物。纽约州卫生部上周进行的一项试验表明，服用羟基氯喹的患者的存活率并不比未服用该药的患者高。美国食品和药物管理局也警告说，除非是在医院或临床试验中，其他病毒患者不该使用这种抗疟疾药物。#美国新冠病毒感染病例超过96万##美国首例新冠死亡病例前移3周##美国总统特朗普#,04/28
我在看：【确诊突破100万大关！特朗普迎来真正的对手，重要人物表明态度】#跟新浪看热点#O确诊突破100万大关！特朗普迎来真正的对手，重要人物表明态度,04/28
实时播报：特朗普表示，将尽快对国际航班的病毒检测做出决定。,04/28
美国破百万纪念忘特朗普好自为之,04/28
【盘点#与特朗普同台者表情合辑#：震惊、无奈、假笑、憋笑】特朗普在公共场合经常说出一些出人意料的话来，而当时特朗普身边人听到这些话的反应或惊讶、或无奈、或憋笑。也许关注特朗普身边的人，远比观察他本人更有意思。@时差视频L时差视频的微博视频,04/28
#腾讯新闻#纽约州长果然是个狠角色，霸气叫板特朗普政府，主动证明中国清白O纽约州长果然是个狠角色，霸气叫板特朗普政府，主动证明中国清白来自@腾讯新闻,04/28
#武汉日记#——第九十六天之四十六【美国确诊人数近百万之际，特朗普再度甩锅中国】当地时间27号的发布会中，特朗普称，他认为中国“本可以阻止”新冠病毒，称美国将会“严肃调查”这场病毒危机。“我们在进行非常严肃的调查……我们对中国很不满意。”特朗普说，“我们相信它（病毒）本可以被遏制在源头。它本可以被迅速阻止，而不会传播到世界各地。”O特朗普：美国情况令人鼓舞，中国本可以阻止病毒传播O网页链接推文#最好的我们#武汉武汉蛮有味识食物者姬图米#大武汉批评##湖北蛮有味#@人民日报@南方周末@新华网@武汉发布@长江日报@张欧亚@超话社区@财新网@楚天都市报@大武汉美食排行榜@号外武汉,04/28
【特朗普帮派已注射疫苗？（视频所示）】这是新的阴谋论？还是更深的谜团？还是待解的真相？在一切尘埃落定之前，美国霸权政客的行为值得一切质疑和审问！别忘了，当年有人揭露美国监听全世界，被美国政客污蔑为“阴谋论”，而事实是确实利用瑞士某公司监听全球。大量证据都指向美国是新冠源头，我们期盼真相大白，我们也不放过任何可能的线索。O网页链接,04/28
实时播报：特朗普表示，计划对国际航班制定病毒测试要求。,04/28
#凤凰新闻#【胡锡进：中国人沉住气，有美国那帮精英哭的时候】来源：环球网特朗普政府向中国大搞甩锅战略，带动了西方舆论对中国的攻击，严重恶化了中国的国际舆论环境。但是请大家沉住气，中国抗疫搞得就是好，美国和欧洲死了那么多人...O胡锡进：中国人沉住气，有美国那帮精英哭的时候来自@凤凰新闻客户端,04/28
美国企业离开中国：中国稀土份额宣告上涨，特朗普必须慎重决定！俄媒27日消息，俄罗斯专家透露中国稀土份额上涨。据悉，根据中国海关总署统计数据，中国3月稀土出口同比增长19.2％。尽管经济受疫情影响，但中国依然是贵重原材料可靠供应商。专家指出，中国稀土供应不太可能出现任何问题。这意味着中国稀土份额一直可以占据比较高的比例，显然特朗普于美国企业撤出中国就要慎重了。这显而易见，美国企业在中国可以减少不少稀土的成本。稀土对于美国和企业非常重要，许多美国的高科技企业都需要用到稀土，比如苹果公司，比如高通公司，一旦这些公司的稀土需求无法得到满足，势必会极大地影响美国的企业的正常营业，而这些在中国的美国企业，正因为在中国所以，“免去稀土运输的中间环节”，也没有中间所谓的关税，这显然非常有利于美国企业，但是如果特朗普让美国企业搬出中国只会让美国受苦。意思是，正如这次俄罗斯专家提到中国3月稀土份额宣告上涨，这意味着即使是疫情如此严重，中国稀土的供应和份额依旧能得到保障，而稀土又是美国企业生产不得不需要用到的，一旦这些企业搬出中国，多了中间环节，包括运输乃至可能存在的关税，少则提高稀土原材料成本，多则甚至稀土需求无法得到满足，这显然对美国企业非常不利，可见，特朗普必须慎重决定：别的不说，光是美国企业需要大量中国稀土，美国企业就不能轻易搬出中国。唐戈的肥唐说,04/28
可结果是，那么很遗憾你选错了人！这世上没有救世主……便不枉此生；反而是自己搞得就有那股气场。避免心碎最好的办法。救她于滥爱的水火……人生如烟花；就是假装自己没有心。如果一段感情没有把你变成更好的人！#特朗普称注射消毒液的说法只是讽刺#,04/28
刚刚！全球确诊超300万！美国超100万，失业大军已逾2600万！特朗普：不会对注射消毒液报道负责O刚刚！全球确诊超300万！美国超100万，失业大军已逾2600万！特朗普：不会对注射消毒液报道负责,04/28
人肯信？当跟着老奶奶走到自己位于村子最后面那片山脚下的树林中的家的时候，乐静和刘娟等人都留下了眼泪。这都什么年代#智杰菊颂##特朗普称注射消毒液的说法只是讽刺#,04/28
#安倍称经济形势比大萧条时期更严峻#现在看已经有可能了！这才像个首相。就想问特朗普每天都在搞什么,04/29
《记者质问特朗普：短短6周死亡人数超过越战，还能理所当然连任？》此视频已有248万次播放，快来一起看看！O网页链接,04/29
【娜娜说娱乐】父亲特朗普面临弹劾风波你作何感想？伊万卡一句话逗笑主持人父亲特朗普面临弹劾风波你作何感想？伊万卡一句话逗笑主持人O网页链接,04/29
《特朗普回应病例数破百万：专家告诉我美国不会受影响他们错了》此视频已有5552次播放，快来一起看看！O网页链接,04/29
为什么特朗普不是钢铁侠,04/29
【译言网】当地时间4月28日，白宫举办了一场小型商业活动，总统唐纳德·特朗普和大女儿伊万卡，连同财政伊万卡返回白宫，连体裤尽显挺拔身姿，大方演讲比总统爸爸还自信O网页链接,04/29
这两天写作业，想拿特朗普的事情做个反面事例，还以为不怎么好找，结果热搜有这么多，看来不愁没得写了,04/29
社评：联邦政府严重渎职，坑惨了美国人民-美国这次抗疫的表现无疑是全世界最差的之一，那个国家拥有权力的精英群体应当说都负有不可推卸的责任，但特朗普政府的责任最大，并且无疑已经构成了渎职O社评：联邦政府严重渎职，坑惨了美国人民,04/29
社评：中美抗疫悬殊现实终将压垮谎言-特朗普政府向中国大搞甩锅战略，带动了西方舆论对中国的攻击，恶化了中国的国际舆论环境。这种情况下，中国人需要沉得住气。我们的抗疫搞得的确好，美国和欧洲死了那么多人，确实不是中国的责任，这些重大事实翻不了盘。O社评：中美抗疫悬殊现实终将压垮谎言,04/29
支持率被拜登反超！民调显示：因应对新冠疫情不力，特朗普支持率较上月下降10%也就是说想办法为经济活动恢复创造积极条件是肯定要做的O网页链接,04/29
"一方面说，由于美国特朗普政府""断供""世界卫生组织引发了舆论广泛批评，美国国会众议院外交委员会当地时间4月27日宣布，将针对特朗普政府暂停缴纳世卫组织会费启动调查。转过身来，这又是要干啥。",04/29
这些天对于恨国蛆来说可以用四个字来形容，“如丧考妣”。方方洗不动年轻人的脑，乔木砸了美国灯塔的伪装，特朗普天天刷新一国领导的做人底线，让很多古早公知理论都被世人看透。,04/29
央视时代风向标栏目#美国新冠肺炎累计确诊超100万#【确诊刚破一百万特朗普：最糟糕的日子已经过去】4月28日，美国白宫，特朗普接见一些美国小型企业主。特朗普表示，新冠病毒大流行“最糟糕的日子已经过去，美国人民期待着我们国家安全且迅速地重新开放。”国会山报评论道，特朗普的言论反映了他仍将致力于美国的经济复苏。截至4月28日，美国累计新冠肺炎确诊病例超过100万例，其中死亡病例达到58343例。#美国疫情#L微丢的微博视频,04/29
有预感，特朗普还要连任。。。,04/29
好想粉特朗普L蒙面踝奔超人的微博视频,04/29
特朗普建议：肺部注射消毒剂来杀死新冠病毒……L汽车经典之家的微博视频,04/30
特朗普发飙了！O特朗普发飙了！,04/30
特朗普怒怼美国记者！L贾说方言的微博视频,04/30
【一对活宝！特朗普：佩洛西只想放假吃雪糕；佩洛西：总比倒消毒水进肺好。】在#美国新冠肺炎累计确诊超100万#之际，美国众议院4月28日决定取消原定在5月4日复会的计划。总统特朗普批评民主党只想放假，又指众议院议长佩洛西只想“吃雪糕”。受#美国疫情#影响，众议院多数民主党领袖佩洛西表示，在咨询国会医生意见后，决定取消原定5月4日的复会计划，但称希望可以尽快复会。受共和党控制的参议院，则按原定计划在5月4日复会。特朗普回应众议院决定持续休会时表示，自己希望国会能恢复运作，批评民主党只想放假，和佩洛西只是想吃雪糕。佩洛西在14日遥距出席一个电视节目时，展示自己在家中雪柜收藏的大量雪糕，并即场拿了其中一个来吃。佩洛西28日回应特朗普的批评，指“吃雪糕总好过有人倒消毒水进肺”，讽刺特朗普注射消毒剂治疗#新型冠状病毒#患者的言论。,04/30
#新闻联播评蓬佩奥正在向全世界叫板#蓬佩奥和特朗普俩人半斤八两，都喜欢抽风,04/30
美国总统特朗普表示，对新冠肺炎病毒疫苗的研制努力并不是过度乐观的O网页链接,04/30
#益伴#推荐益伴APP听书《为什么我们总是在逃避》《华盛顿邮报》指出，虽然特朗普不想让疫情和经济成为美国总统大选的关注热点，但就美国现状而言，这已不可避免...O网页链接（分享自@益伴官方微博）,04/30
美疾控中心主任称疫情可能迎来第二波特朗普：你给我重说！UP主:大象视频#bilibili#O美疾控中心主任称疫情可能迎来第二波特朗普：你给我重说！(哔哩哔哩客户端下载O网页链接)O美疾控中心主任称疫情可能迎来第二波特朗普：你给我重说！,04/30
"【美媒慌了：特朗普会让中国再次伟大】美国《国家利益》杂志发表题为《后疫情时代，特朗普政府会让中国再度伟大吗？》的文章。文章详细对比了中美在抗击新冠肺炎疫情中的不同表现，指出这种迥异表现可能导致世界秩序发生重大转变。TheAmericandiplomaticmagazineTheNationalInterestpublishedanarticleMondaytitled""WilltheTrumpWhiteHouseMakeChinaGreatAgaininaPost-PandemicEra?""ThearticlepointedoutthatChinaandtheUnitedStateshavebehavedverydifferentlyduringthisepidemic,whichmayleadtoamajorshiftintheworldorder.O美媒慌了：特朗普会让中国再次伟大",04/30
【惹人疼爱的女孩】：1、拥有清澈天真的眼神；2、喜欢微笑；3、善良；4、懂事有礼貌；5、保留爱幻想的习惯；6、爱看书；7、对自己的人生有目标；8、干净整洁；9、适当撒娇装傻；10、会照顾别人。#特朗普回应美国确诊病例超百万#,04/30
【快讯】特朗普表示，预计食品供应链将如以往一样强劲。微博财经7X24小时频道,04/30
【快讯】特朗普表示，正在讨论向美国人发放更多援助支票。微博财经7X24小时频道,04/30
雅虎下面评论区居然会有一边倒的反特朗普抬举中国，我都惊了怀疑自己是不是翻译错了。,04/30
川普同志醒醒吧！你的老朋友向你喊话了：美国人的生命比你的选举更重要。特朗普：不，我还可以梦一万年，梦出地球！你永远叫醒不了一个装睡的人一个脑残做着美国总统，连着美国人都不正常了，真搞不懂美国怎么会有这样的领导人。特朗普政府向中国甩锅已经表演到公开耍政治流氓的巅峰区，这也意味着它在逐渐走向玩不下去的崩溃点！@CGTN@头条新闻@三有木900@天上人间客82634@坚持真理687#跟新浪看热点#O特朗普发飙了！,04/30
哈哈哈哈哈牛逼热点里面刷新不是特朗普就是鬼东西,04/30
